4 , 0 , 2.8119304871888668206200481879919D+00 , 9.8485467452574389829712692036430D-01  
4 , 4 , 1.4059652435944334103100240939959D+01 , 4.9242733726287194914856346018220D+00  
6 , 0 , 5.4795908739321644069327702900830D-01 , 6.5623422860067524157994035757200D-02   
6 , 4 , -3.8357136117525150848529392030580D+00 , -4.5936396002047266910595825030040D-01   
8 , 0 , 1.2156157302097918942115948482762D+02 , -6.8626119152683450863254261961150D-01   
8 , 4 , 1.2156157302097918942115948482762D+02 , -6.8626119152683450863254261961150D-01  
8 , 8 , 7.9015022463636473123753665137950D+03 , -4.4606977449244243061115270274740D+01  
10 , 0 , 3.1179916736109123107822587274280D+02 , -1.2457280551463641551202434559869D-01  
10 , 4 , -6.8595816819440070837209692003420D+02 , 2.7406017213220011412645356031711D-01   
10 , 8 , -1.1661288859304812042325647640581D+04 , 4.6590229262474019401497105253910D+00   
12 , 0 , 2.4245612747359092217199640516493D+05 , 4.1692731501913177016791478604950D+02  
12 , 4 , 2.0375858264140266510162557633886D+05 , 4.1061218410741854245075379713950D+02  
12 , 8 , 7.0682666545985000701644635107790D+05 , 4.9270888595969050277384665296890D+02  
12 , 12 , 2.3702435984527078287639617913271D+08 , 4.2547490401383123579011584199450D+05  
14 , 0 , 2.0954087119885542648713979286402D+06 , 2.8616631637228685773233790308573D+02  
14 , 4 , -2.6940969154138554834060830511089D+06 , -3.6792812105008310279872016111020D+02  
14 , 8 , -1.7062613797621084728238525990356D+07 , -2.3302114333171929843918943536981D+03  
14 , 12 , -6.5406686224214158124914349629700D+08 , -8.9324771610492397735022616891760D+04  
16 , 0 , 5.4279858299650169624382885076980D+08 , 6.3709709719614919905762046729900D+05   
16 , 4 , 2.2841041529105412872383486949334D+08 , 5.9486986304961071015286445862700D+05  
16 , 8 , 1.2973301854895758582918144058332D+09 , 7.3844245914784157242903488811180D+05  
16 , 12 , 2.5882484900055575638355343741650D+10 , 4.0406121694071514047809547662630D+06  
16 , 16 , 6.9973653547984205656745320248030D+12 , 1.0184121261186984461485623112385D+10  
18 , 0 , 1.4686049951258450810632984509870D+10 , 1.7833814404746090864126676944445D+06  
18 , 4 , -1.5376346487994712576061405817891D+10 , -1.9097270960159450077253196645607D+06  
18 , 8 , -2.4226921558569614141580552133902D+10 , -2.2373412064676267995353888960110D+06  
18 , 12 , -1.0692416604738659056152567751127D+12 , -1.3897171037814018266686814699226D+08  
18 , 16 , -3.9585194668444324327226917843820D+13 , -4.6533202641465144258077188159160D+09  
20 , 0 , 2.9414124910043233182340700935067D+12 , 1.1053789653219762994427196549037D+09  
20 , 4 , 5.0799363324581667612792095666680D+11 , 8.2755105319168490831988163978850D+08  
20 , 8 , 4.3319375525806128280090124574150D+12 , 1.2641377722535713800843413778266D+09   
20 , 12 , 4.7785845726839660008475961329560D+13 , 6.2253504888659176501350202191680D+09   
20 , 16 , 1.6103883836731949966180674427718D+15 , 1.8463055977824588952115743135381D+11   
20 , 20 , 5.0103139602723200237451484155740D+17 , 2.5893801321268771887525639926163D+14   
22 , 0 , 1.5704492101503408409504754273103D+14 , 1.1188314798099373509543326094049D+10   
22 , 4 , -1.3167755327760205855682504734725D+14 , -1.1364375043378396374552862434198D+10   
22 , 8 , -1.9393166587859870027021517253408D+14 , 4.6945875372373758790553675034060D+09   
22 , 12 , -2.7630226717294559142686968259927D+15 , -2.2527270661722018820968108886912D+11   
22 , 16 , -7.0704971434484675384694471850480D+16 , -7.2479381681215892936818916413990D+12  
22 , 20 , -4.7508773151765943949438678688110D+18 , -2.4834111207719641544461672967381D+14   
24 , 0 , 4.9787311095229433652938575184540D+16 , 2.4704225212934667193956424861760D+12   
24 , 4 , 1.7493021689018651360143747826562D+16 , 7.0502764598857933634194782346660D+11   
24 , 8 , 4.7119084871278658307744330422710D+16 , 2.7136910313890117167025715707588D+12  
24 , 12 , 2.7781944545203245639785298766797D+17 , 9.2658227866870085736663159924100D+12  
24 , 16 , 3.9862401037549364700946628653810D+18 , 2.8948213614074147018398125012646D+14  
24 , 20 , 2.0240160016231471677310651847643D+20 , 9.8073169918667025363571289808770D+15   
24 , 24 , 1.4575287885847203932373804828045D+23 , 6.9746220741657790156666561571930D+18  
26 , 0 , 3.8825844842441073885203524994400D+18 , 7.1745213478612173513422219215850D+13   
26 , 4 , -2.3376165598727025780289756197527D+18 , -7.0895063840474616024827652221050D+13   
26 , 8 , -6.3197488917431683443388476518190D+18 , 5.4448588278610124672584943099850D+13   
26 , 12 , -3.1129980912121519262797725822564D+19 , -4.2163944799839020474202346709970D+14   
26 , 16 , -3.3888386262957854342872904451610D+20 , -1.1378882102606209699128692340527D+16  
26 , 20 , -1.0355256572352319780749963504186D+22 , -3.8809211593599788640965444057630D+17   
26 , 24 , -1.6526385068628140243460690481265D+24 , -1.4151940602855398722939592873754D+19  
28 , 0 , 1.5660190510982181376541808145408D+21 , 1.0357152839210027873204448069552D+16  
28 , 4 , 5.2389541759563190860517080341340D+20 , -1.1659453041024967728893064172828D+15 
28 , 8 , 1.0189364356236630879115766476049D+21 , 1.0329726457967633311674120320116D+16  
28 , 12 , 6.0516507919279489095767674377350D+21 , 1.5796051518311462830227042998825D+16  
28 , 16 , 4.4738315975593864017367636520610D+22 , 4.7969808209335240620827537083570D+17  
28 , 20 , 7.8725443506303399143572719549160D+23 , 1.5438417826543973915552275917100D+19  
28 , 24 , 7.4143442402174525210035138878080D+25 , 5.5966741182067088992469219183250D+20  
28 , 28 , 6.9657271111833060634911376098560D+28 , 3.2480548082090728018612669090440D+23  
30 , 0 , 1.7565213196687847709091406534782D+23 , 5.2556486351141951500400441423280D+17   
30 , 4 , -9.0284881313281261757567545583400D+22 , -4.7242165033904270664906629189310D+17   
30 , 8 , -2.2493547031100229731460447732712D+23 , 2.5880401718779954480113404418048D+17  
30 , 12 , -8.3171156039264326510519373549210D+23 , -1.4213682205746598429354384287660D+18  
30 , 16 , -6.7252085460554378617059798266690D+24 , -2.0863121494351316758686939194271D+19  
30 , 20 , -9.3070427828784214937452973153700D+25 , -6.2985895387572648337928911292890D+20  
30 , 24 , -4.3512348030325501710871731203760D+27 , -2.2246414473934639501288823330768D+22  
30 , 28 , -9.4353504240103771043791073395910D+29 , -1.2531757162809689798422697720107D+24  
32 , 0 , 7.8458227133695848090024841052560D+25 , 1.0822370578290512103709860110992D+20 
32 , 4 , 1.9800659318770094696867732487503D+25 , 1.6703861956753277252160222769809D+19 
32 , 8 , 4.0707502807452159784286555723200D+25 , 8.6025774744005793600850276830740D+19 
32 , 12 , 1.9735657821534465252695889219437D+26 , 1.4025152115197765703225490863885D+20 
32 , 16 , 1.2450909829876976135624814014020D+27 , 1.3812530700278623248518588827872D+21 
32 , 20 , 1.4182362308984682919026956702305D+28 , 2.7952681135448180941889928117002D+22   
32 , 24 , 4.0345092874684786184967469762820D+29 , 9.0238028514460337618987654560070D+23   
32 , 28 , 4.5444444205682568950496860813840D+31 , 4.9731076509826956272144020753250D+25   
32 , 32 , 5.0653072148998698335261780726860D+34 , 6.6561186693022667113257178789680D+28   
34 , 0 , 1.2278316702141221487210629411071D+28 , 6.4011032212137104289865337524400D+21  
34 , 4 , -5.9526574797376118328637388749210D+27 , -4.0950812353068202985871579023070D+21  
34 , 8 , -1.1302400297437313032742750157460D+28 , -2.3836020872759545685360783933481D+21  
34 , 12 , -3.8755995239471068731502806800550D+28 , -1.4310903648189739369933960131738D+22  
34 , 16 , -2.3039296235918873711865228719135D+29 , -1.1624781149048453448183075415348D+23 
34 , 20 , -2.4872491441724124499677153580540D+30 , -1.6011286514162599521218599673246D+24  
34 , 24 , -5.4905190027187594818700787429440D+31 , -3.9415238178540606054149271004760D+25   
34 , 28 , -3.1190929147945807237208291541422D+33 , -2.0039922733608732114841938561912D+27  
34 , 32 , -8.1660979692832029573931098558470D+35 , -3.1991378100463168558416870115570D+29  
36 , 0 , 6.8042610132273036837415102891150D+30 , 2.2663747795164202422886605645330D+24 
36 , 4 , 1.6899043765958536626873321883225D+30 , 8.9317390577780893007823714911310D+23  
36 , 8 , 3.4324695002843090307833117794120D+30 , 1.2088888017784499521986943290024D+24  
36 , 12 , 1.0891961584200956604528396250133D+31 , 3.7761666837238670531273199193710D+24   
36 , 16 , 5.8629472355230538237926625513260D+31 , 1.7645496549917810721051628311243D+25  
36 , 20 , 4.9998188032652900703600731734180D+32 , 1.4095520678900293995163443977531D+26   
36 , 24 , 9.1906783013472943515763326191470D+33 , 2.1577148665397238273674602796605D+27  
36 , 28 , 3.4340831446128480022026982231750D+35 , 8.5544315592344376736396333346280D+28  
36 , 32 , 4.3228808611207361939520310782190D+37 , 1.2752971126021180623886720575300D+31  
36 , 36 , 6.8507719909013286812945505053370D+40 , 2.5718424860016350643314421993730D+34  
38 , 0 , 1.3898229629288988124465255200689D+33 , 1.6694994014166767806829198022529D+26  
38 , 4 , -6.0270926668899477683377396501130D+32 , -7.0819689139659491438410802741800D+25   
38 , 8 , -1.0775625047576926829739229740898D+33 , -1.5077895005469315351646651283703D+26  
38 , 12 , -3.4766229802879880411138658281620D+33 , -2.5766534245506494930936713435263D+26  
38 , 16 , -1.4823209389154714526218535396900D+34 , -2.2953485978515529397558430470660D+27  
38 , 20 , -1.1752399281934161468954212359738D+35 , -1.8016485138162089532567002845615D+28  
38 , 24 , -1.7828636580470228231196845275550D+36 , -1.7997567540684454271110048937987D+29  
38 , 28 , -5.2302605673609934961107034681450D+37 , -4.3928984949982256203295109954730D+30  
38 , 32 , -3.5118870041597751839840200145250D+39 , -5.2294132436204907921353779078530D+32  
38 , 36 , -1.2463088506162655160270824042612D+42 , -1.4586356889308545638574268252733D+35  
40 , 0 , 9.3977144756953364499406322747910D+35 , 6.5896575164397705826071554961870D+28   
40 , 4 , 2.3714015731391377815784151763452D+35 , 2.3233373916024328080690566827501D+28   
40 , 8 , 4.2743502595314222462517503996400D+35 , 1.9975404811741483118922433502242D+28  
40 , 12 , 1.1495283403223253937803924969476D+36 , 1.0583147935970176555068842723367D+29  
40 , 16 , 5.2276986864725811966074702052560D+36 , 4.2299174401264158010877491253850D+29   
40 , 20 , 3.3727766809055664162964310078140D+37 , 2.6618041446804674998402365290389D+30   
40 , 24 , 4.0969785140672323925781814995440D+38 , 2.2186822724304180458864636671851D+31  
40 , 28 , 9.6152785881824133360509548955930D+39 , 3.3420979530215616873661985063460D+32 
40 , 32 , 4.4874401799468566953692637774000D+41 , 2.3722439095426632283585552200276D+34   
40 , 36 , 7.2067379047599360997938091286370D+43 , 5.8481975052555194672942545348360D+36   
40 , 40 , 1.4800934278189954574954699508269D+47 , 1.1001310557331975136516592591995D+40   