PARALLEL:

JFORCE
 1.68345519  0.13638882 -0.00087180
 0.13773521  1.68344884 -0.00096660
 0.00015235 -0.00104195  4.75789910

ONXForce
 1.05252481  0.00004291 -0.00008439
 0.00004434  1.05252245 -0.00024484
-0.00007404 -0.00021731  3.53070358

---------------------------------------

SERIAL:

JFORCE
 1.40430782 -0.00072167 -0.00028566 
 0.00069816  1.40432466 -0.00042658
 0.00031016 -0.00086797  4.59114809

ONXForce
 1.05252692  0.00004718 -0.00008148
 0.00004949  1.05252691 -0.00023415
-0.00006825 -0.00021182  3.53070457

