 168
 Clone # 1 / Geom #17, <SCF> = -23790.52417588 a=14.362687,b=10.257567,c=11.990901
 MG       4.77082       10.25398        5.99418  
 MG       4.77091       10.25404        2.99666  
 MG       2.37715        5.12533        5.99445  
 MG       2.37713        5.12525        2.99652  
 MG       4.80452        2.84531        4.49551  
 MG       4.73760        7.40517        1.49794  
 MG       2.41058        2.27634        1.49777  
 MG       2.34374        7.97351        4.49545  
 SI       0.32383        4.16063        1.49764  
 SI       4.43071        6.08911        4.49540  
 SI       2.71734        0.96078        4.49545  
 SI       2.03713        9.28870        1.49787  
 O        1.09038        0.92903        4.49541  
 O        3.66373        9.32144        1.49792  
 O        3.48427        4.19289        1.49777  
 O        1.26986        6.05669        4.49534  
 O        1.31006        0.53552        1.49796  
 O        3.44445        9.71427        4.49549  
 O        3.70310        4.58532        4.49547  
 O        1.05123        5.66422        1.49766  
 O        1.05268        3.46216        2.80277  
 O        3.70190        6.78766        5.80036  
 O        3.44629        1.65906        3.19034  
 O        1.30816        8.59085        0.19228  
 O        3.70210        6.78763        3.19050  
 O        1.05261        3.46197        0.19277  
 O        1.30824        8.59096        2.80327  
 O        3.44630        1.65921        5.80049  
 MG       4.77085       10.25449       11.99007  
 MG       4.77096       10.25399        8.99210  
 MG       2.37753        5.12564       11.99025  
 MG       2.37725        5.12501        8.99198  
 MG       4.80493        2.84530       10.49050  
 MG       4.73746        7.40529        7.49293  
 MG       2.41081        2.27629        7.49301  
 MG       2.34381        7.97352       10.49059  
 SI       0.32375        4.16061        7.49321  
 SI       4.43078        6.08907       10.49075  
 SI       2.71743        0.96064       10.49072  
 SI       2.03693        9.28869        7.49320  
 O        1.09027        0.92892       10.49067  
 O        3.66377        9.32122        7.49313  
 O        3.48425        4.19271        7.49306  
 O        1.26989        6.05674       10.49083  
 O        1.30983        0.53545        7.49303  
 O        3.44453        9.71448       10.49098  
 O        3.70316        4.58523       10.49073  
 O        1.05137        5.66438        7.49328  
 O        1.05255        3.46195        8.79809  
 O        3.70195        6.78764       11.79590  
 O        3.44638        1.65882        9.18553  
 O        1.30819        8.59082        6.18800  
 O        3.70189        6.78763        9.18573  
 O        1.05255        3.46222        6.18819  
 O        1.30809        8.59108        8.79853  
 O        3.44629        1.65901       11.79583  
 MG       9.55886       10.25386        5.99404  
 MG       9.55868       10.25371        2.99675  
 MG       7.16493        5.12510        5.99438  
 MG       7.16463        5.12501        2.99659  
 MG       9.59213        2.84528        4.49549  
 MG       9.52493        7.40531        1.49761  
 MG       7.19810        2.27592        1.49788  
 MG       7.13145        7.97382        4.49547  
 SI       5.11118        4.16066        1.49764  
 SI       9.21831        6.08934        4.49524  
 SI       7.50510        0.96042        4.49533  
 SI       6.82410        9.28944        1.49775  
 O        5.87805        0.92816        4.49539  
 O        8.45109        9.32153        1.49771  
 O        8.27177        4.19282        1.49775  
 O        6.05762        6.05689        4.49551  
 O        6.09656        0.53603        1.49772  
 O        8.23245        9.71424        4.49547  
 O        8.49076        4.58551        4.49540  
 O        5.83871        5.66447        1.49764  
 O        5.83986        3.46218        2.80280  
 O        8.48952        6.78792        5.80027  
 O        8.23401        1.65900        3.19019  
 O        6.09564        8.59107        0.19267  
 O        8.48944        6.78764        3.19014  
 O        5.84025        3.46191        0.19251  
 O        6.09557        8.59091        2.80284  
 O        8.23409        1.65915        5.80040  
 MG       9.55857       10.25426       11.98972  
 MG       9.55870       10.25371        8.99203  
 MG       7.16497        5.12498       11.98989  
 MG       7.16482        5.12511        8.99195  
 MG       9.59227        2.84513       10.49053  
 MG       9.52526        7.40526        7.49285  
 MG       7.19825        2.27605        7.49300  
 MG       7.13138        7.97387       10.49067  
 SI       5.11124        4.16075        7.49304  
 SI       9.21841        6.08935       10.49062  
 SI       7.50503        0.96037       10.49072  
 SI       6.82418        9.28942        7.49307  
 O        5.87807        0.92833       10.49072  
 O        8.45136        9.32160        7.49289  
 O        8.27199        4.19299        7.49301  
 O        6.05775        6.05678       10.49077  
 O        6.09669        0.53595        7.49305  
 O        8.23252        9.71415       10.49078  
 O        8.49087        4.58539       10.49072  
 O        5.83870        5.66457        7.49301  
 O        5.84019        3.46225        8.79821  
 O        8.48977        6.78796       11.79565  
 O        8.23407        1.65908        9.18539  
 O        6.09562        8.59102        6.18820  
 O        8.48946        6.78781        9.18551  
 O        5.84011        3.46213        6.18804  
 O        6.09569        8.59099        8.79815  
 O        8.23374        1.65902       11.79571  
 MG      14.34721       10.25427        5.99417  
 MG      14.34718       10.25412        2.99673  
 MG      11.95251        5.12484        5.99437  
 MG      11.95228        5.12490        2.99645  
 MG       0.01765        2.84560        4.49537  
 MG      14.31168        7.40501        1.49758  
 MG      11.98517        2.27603        1.49790  
 MG      11.91899        7.97395        4.49533  
 SI       9.89864        4.16084        1.49770  
 SI      14.00564        6.08929        4.49523  
 SI      12.29313        0.96023        4.49538  
 SI      11.61190        9.28939        1.49768  
 O       10.66581        0.92816        4.49540  
 O       13.23944        9.32164        1.49774  
 O       13.05972        4.19300        1.49764  
 O       10.84529        6.05690        4.49523  
 O       10.88435        0.53560        1.49773  
 O       13.02080        9.71423        4.49519  
 O       13.27810        4.58531        4.49537  
 O       10.62635        5.66468        1.49750  
 O       10.62769        3.46213        2.80282  
 O       13.27706        6.78761        5.80031  
 O       13.02153        1.65891        3.19008  
 O       10.88305        8.59104        0.19255  
 O       13.27716        6.78762        3.19025  
 O       10.62727        3.46209        0.19296  
 O       10.88324        8.59098        2.80273  
 O       13.02155        1.65883        5.80065  
 MG      14.34712       10.25460       11.98950  
 MG      14.34699       10.25470        8.99203  
 MG      11.95228        5.12455       11.98980  
 MG      11.95252        5.12485        8.99187  
 MG       0.01773        2.84558       10.49094  
 MG      14.31170        7.40497        7.49317  
 MG      11.98542        2.27575        7.49280  
 MG      11.91866        7.97389       10.49059  
 SI       9.89887        4.16088        7.49300  
 SI      14.00570        6.08938       10.49092  
 SI      12.29294        0.96028       10.49079  
 SI      11.61216        9.28919        7.49307  
 O       10.66565        0.92837       10.49071  
 O       13.23904        9.32133        7.49298  
 O       13.05972        4.19303        7.49305  
 O       10.84539        6.05697       10.49059  
 O       10.88451        0.53562        7.49307  
 O       13.02039        9.71426       10.49076  
 O       13.27830        4.58557       10.49087  
 O       10.62647        5.66443        7.49277  
 O       10.62794        3.46197        8.79828  
 O       13.27703        6.78793       11.79591  
 O       13.02132        1.65885        9.18540  
 O       10.88326        8.59085        6.18796  
 O       13.27679        6.78804        9.18564  
 O       10.62786        3.46200        6.18786  
 O       10.88314        8.59087        8.79819  
 O       13.02154        1.65898       11.79615  
