 56
 Clone # 1 / Geom #10, <SCF> = -7930.08613458 a=9.523968,b=10.184572,c=6.119075
 MG       4.76156       10.18345        6.11814  
 MG       4.76129       10.18146        3.05958  
 MG       2.38046        5.09130        0.00141  
 MG       2.38039        5.09085        3.06028  
 MG       4.80824        2.83340        4.58963  
 MG       4.71462        7.34953        1.52862  
 MG       2.42698        2.25786        1.52836  
 MG       2.33456        7.92554        4.58986  
 SI       0.33791        4.13069        1.52985  
 SI       4.42254        6.05249        4.58962  
 SI       2.71952        0.96088        4.58894  
 SI       2.04170        9.22252        1.52970  
 O        1.09034        0.93582        4.58999  
 O        3.67064        9.24748        1.52863  
 O        3.47116        4.15601        1.52910  
 O        1.28965        6.02743        4.59058  
 O        1.31838        0.54031        1.52804  
 O        3.44277        9.64348        4.59066  
 O        3.69889        4.55057        4.59108  
 O        1.06162        5.63258        1.52877  
 O        1.04963        3.44607        2.84719  
 O        3.71060        6.73872        5.90550  
 O        3.43088        1.64492        3.27125  
 O        1.32976        8.53645        0.21324  
 O        3.71122        6.73703        3.27210  
 O        1.05015        3.44455        0.21389  
 O        1.33059        8.53872        2.84767  
 O        3.43133        1.64704        5.90504  
 MG       9.52382       10.18334        6.11868  
 MG       0.00076        0.00076        3.05949  
 MG       7.14230        5.09173        6.11759  
 MG       7.14219        5.09191        3.05925  
 MG       0.04672        2.83404        4.58984  
 MG       9.47532        7.34928        1.52916  
 MG       7.18788        2.25802        1.52878  
 MG       7.09572        7.92572        4.58968  
 SI       5.10035        4.13093        1.52953  
 SI       9.18464        6.05282        4.58954  
 SI       7.48131        0.96067        4.58912  
 SI       6.80373        9.22251        1.52955  
 O        5.85193        0.93532        4.59012  
 O        8.43295        9.24721        1.52882  
 O        8.23305        4.15607        1.52872  
 O        6.05140        6.02746        4.59011  
 O        6.08003        0.53985        1.52835  
 O        8.20466        9.64311        4.59042  
 O        8.46105        4.55085        4.59045  
 O        5.82400        5.63273        1.52797  
 O        5.81160        3.44662        2.84723  
 O        8.47253        6.73873        5.90550  
 O        8.19251        1.64508        3.27130  
 O        6.09146        8.53616        0.21324  
 O        8.47288        6.73729        3.27221  
 O        5.81219        3.44441        0.21385  
 O        6.09200        8.53798        2.84724  
 O        8.19329        1.64700        5.90545  
