 112
 Clone # 1 / Geom #15, <SCF> = -15860.34714547 A=9.574460,B=10.258702,C=11.991359
 MG       4.77641        0.01038        5.98420  
 MG       4.77569        0.01127        2.98646  
 MG       2.38174        5.13929        5.98438  
 MG       2.38245        5.13983        2.98676  
 MG       4.80897        2.86014        4.48589  
 MG       4.74232        7.42040        1.48905  
 MG       2.41576        2.29076        1.48863  
 MG       2.34902        7.98898        4.48538  
 SI       0.32883        4.17568        1.48797  
 SI       4.43540        6.10456        4.48668  
 SI       2.72262        0.97515        4.48648  
 SI       2.04158        9.30478        1.48788  
 O        1.09586        0.94304        4.48614  
 O        3.66841        9.33702        1.48829  
 O        3.48915        4.20764        1.48786  
 O        1.27511        6.07240        4.48638  
 O        1.31434        0.55037        1.48817  
 O        3.45003        9.72991        4.48582  
 O        3.70801        4.60052        4.48613  
 O        1.05609        5.67973        1.48824  
 O        1.05763        3.47706        2.79349  
 O        3.70672        6.80279        5.79197  
 O        3.45104        1.67432        3.18138  
 O        1.31355        8.60666        0.18224  
 O        3.70680        6.80332        3.18145  
 O        1.05715        3.47731        0.18212  
 O        1.31275        8.60620        2.79338  
 O        3.45135        1.67342        5.79201  
 MG       4.77584        0.01045       11.98002  
 MG       4.77528        0.01160        8.98215  
 MG       2.38134        5.14033       11.98002  
 MG       2.38273        5.14059        8.98215  
 MG       4.80835        2.86007       10.48128  
 MG       4.74223        7.42032        7.48425  
 MG       2.41585        2.29085        7.48435  
 MG       2.34922        7.98912       10.48061  
 SI       0.32904        4.17552        7.48401  
 SI       4.43565        6.10452       10.48216  
 SI       2.72232        0.97502       10.48204  
 SI       2.04184        9.30494        7.48340  
 O        1.09558        0.94298       10.48157  
 O        3.66876        9.33730        7.48368  
 O        3.48918        4.20783        7.48383  
 O        1.27493        6.07249       10.48146  
 O        1.31444        0.55053        7.48384  
 O        3.44977        9.72969       10.48132  
 O        3.70802        4.60061       10.48165  
 O        1.05636        5.67963        7.48416  
 O        1.05753        3.47657        8.78891  
 O        3.70660        6.80323       11.78773  
 O        3.45118        1.67382        9.17705  
 O        1.31329        8.60668        6.17792  
 O        3.70691        6.80317        9.17650  
 O        1.05724        3.47726        6.17835  
 O        1.31324        8.60599        8.78875  
 O        3.45071        1.67360       11.78724  
 MG       9.56334        0.01091        5.98432  
 MG       9.56260        0.01138        2.98673  
 MG       7.16978        5.13981        5.98484  
 MG       7.16914        5.14082        2.98700  
 MG       0.02110        2.85985        4.48584  
 MG       9.52893        7.42036        1.48946  
 MG       7.20331        2.29108        1.48892  
 MG       7.13576        7.98910        4.48583  
 SI       5.11625        4.17552        1.48805  
 SI       9.22277        6.10445        4.48665  
 SI       7.50961        0.97508        4.48655  
 SI       6.82890        9.30503        1.48805  
 O        5.88292        0.94295        4.48612  
 O        8.45575        9.33705        1.48848  
 O        8.27655        4.20771        1.48830  
 O        6.06227        6.07246        4.48623  
 O        6.10177        0.55043        1.48821  
 O        8.23708        9.72969        4.48620  
 O        8.49511        4.60065        4.48623  
 O        5.84341        5.67972        1.48800  
 O        5.84500        3.47706        2.79357  
 O        8.49407        6.80267        5.79207  
 O        8.23833        1.67390        3.18148  
 O        6.10057        8.60656        0.18271  
 O        8.49383        6.80361        3.18130  
 O        5.84474        3.47738        0.18238  
 O        6.10041        8.60653        2.79324  
 O        8.23828        1.67357        5.79194  
 MG       9.56327        0.01041       11.98007  
 MG       9.56284        0.01147        8.98233  
 MG       7.16936        5.13981       11.98017  
 MG       7.16978        5.14063        8.98245  
 MG       0.02137        2.85980       10.48060  
 MG       9.52945        7.42074        7.48484  
 MG       7.20308        2.29108        7.48481  
 MG       7.13626        7.98884       10.48069  
 SI       5.11617        4.17569        7.48384  
 SI       9.22279        6.10453       10.48218  
 SI       7.50964        0.97496       10.48221  
 SI       6.82903        9.30503        7.48390  
 O        5.88272        0.94267       10.48126  
 O        8.45599        9.33712        7.48404  
 O        8.27670        4.20770        7.48409  
 O        6.06239        6.07223       10.48171  
 O        6.10188        0.55021        7.48396  
 O        8.23721        9.72957       10.48157  
 O        8.49549        4.60051       10.48159  
 O        5.84364        5.67954        7.48404  
 O        5.84481        3.47702        8.78918  
 O        8.49413        6.80259       11.78788  
 O        8.23846        1.67386        9.17710  
 O        6.10054        8.60676        6.17823  
 O        8.49402        6.80300        9.17687  
 O        5.84466        3.47745        6.17830  
 O        6.10026        8.60622        8.78890  
 O        8.23836        1.67352       11.78757  
 I 0.000000  0.000000  0.000000
 I 9.574460  0.000000  0.000000
 I 0.000000 10.258702  0.000000
 I 0.000000  0.000000 11.991359
