  0.073747  
  0.037974  
  0.031307  
  0.019774  
  0.011523  
  0.007669  
  0.005098  
  0.006118  
  0.004366  
  0.004005  
  0.002676  
  0.002939  
  0.002481  
  0.005880  
  0.002785  
  0.003009  
  0.002505  
  0.003991  
  0.003541  
  0.005680  
  0.005316  
  0.003169  
  0.002939  
  0.003299  
  0.001725  
  0.002084  
  0.001471  
  0.001349  
  0.002409  
  0.002531  
  0.001849  
  0.001166  
  0.002683  
  0.001843  
  0.001346  
  0.001137  
  0.001795  
  0.001321  
  0.001346  
  0.000697  
  0.002275  
  0.001860  
  0.001093  
  0.001295  
  0.000932  
  0.001247  
  0.001438  
  0.000921  
  0.001359  
  0.000926  
  0.001211  
  0.000557  
  0.000587  
  0.001017  
  0.000420  
