1 0.073747 -1.13226
2 0.037974 -1.42051
3 0.031307 -1.50436
4 0.019774 -1.70391
5 0.011523 -1.93843
6 0.007669 -2.11526
7 0.005098 -2.2926
8 0.006118 -2.21339
9 0.004366 -2.35992
10 0.004005 -2.3974
11 0.002676 -2.57251
12 0.002939 -2.5318
13 0.002481 -2.60537
14 0.005880 -2.23062
15 0.002785 -2.55517
16 0.003009 -2.52158
17 0.002505 -2.60119
18 0.003991 -2.39892
19 0.003541 -2.45087
20 0.005680 -2.24565
21 0.005316 -2.27442
22 0.003169 -2.49908
23 0.002939 -2.5318
24 0.003299 -2.48162
25 0.001725 -2.76321
26 0.002084 -2.6811
27 0.001471 -2.83239
28 0.001349 -2.86999
29 0.002409 -2.61816
30 0.002531 -2.59671
31 0.001849 -2.73306
32 0.001166 -2.9333
33 0.002683 -2.57138
34 0.001843 -2.73447
35 0.001346 -2.87095
36 0.001137 -2.94424
37 0.001795 -2.74594
38 0.001321 -2.8791
39 0.001346 -2.87095
40 0.000697 -3.15677
41 0.002275 -2.64302
42 0.001860 -2.73049
43 0.001093 -2.96138
44 0.001295 -2.88773
45 0.000932 -3.03058
46 0.001247 -2.90413
47 0.001438 -2.84224
48 0.000921 -3.03574
49 0.001359 -2.86678
50 0.000926 -3.03339
51 0.001211 -2.91686
52 0.000557 -3.25414
53 0.000587 -3.23136
54 0.001017 -2.99268
55 0.000420 -3.37675
