1 -12177.11326366 -0.11816
2 -12177.73927117 -0.867131
3 -12177.82865715 -1.33344
4 -12177.86061290 -1.84018
5 -12177.86814363 -2.16003
6 -12177.87067971 -2.35835
7 -12177.87138255 -2.43428
8 -12177.87140682 -2.43716
9 -12177.87208224 -2.5259
10 -12177.87229431 -2.55797
11 -12177.87261764 -2.61193
12 -12177.87287354 -2.65997
13 -12177.87301147 -2.68825
14 -12177.87299955 -2.68573
15 -12177.87330543 -2.75547
16 -12177.87336492 -2.77044
17 -12177.87361771 -2.84051
18 -12177.87369056 -2.863
19 -12177.87377836 -2.89175
20 -12177.87385139 -2.9172
21 -12177.87400869 -2.97767
22 -12177.87414564 -3.0382
23 -12177.87425590 -3.09391
24 -12177.87427981 -3.107
25 -12177.87446011 -3.22089
26 -12177.87452209 -3.26813
27 -12177.87460857 -3.34403
28 -12177.87461892 -3.35407
29 -12177.87462836 -3.36343
30 -12177.87469669 -3.438
31 -12177.87469330 -3.43399
32 -12177.87473459 -3.48565
33 -12177.87472430 -3.47219
34 -12177.87477345 -3.54062
35 -12177.87479247 -3.5703
36 -12177.87483011 -3.63577
37 -12177.87482395 -3.62435
38 -12177.87489539 -3.77976
39 -12177.87493650 -3.9033
40 -12177.87493655 -3.90347
41 -12177.87492808 -3.87497
42 -12177.87493278 -3.89056
43 -12177.87497849 -4.08118
44 -12177.87499619 -4.18542
45 -12177.87501237 -4.30918
46 -12177.87501924 -4.37469
47 -12177.87500031 -4.21375
48 -12177.87501246 -4.30998
49 -12177.87502378 -4.42412
50 -12177.87504167 -4.70399
51 -12177.87503895 -4.64801
52 -12177.87505337 -5.09313
53 -12177.87505981 -5.78781
54 -12177.87505347 -5.09854
