1 0.601103 -0.221051
2 0.106063 -0.974436
3 0.047301 -1.32513
4 0.012067 -1.9184
5 0.016680 -1.7778
6 0.010265 -1.98864
7 0.007373 -2.13236
8 0.005375 -2.26962
9 0.002164 -2.66474
10 0.001192 -2.92372
11 0.001462 -2.83505
12 0.001394 -2.85574
13 0.001764 -2.7535
14 0.000773 -3.11182
15 0.001186 -2.92592
16 0.000910 -3.04096
17 0.000998 -3.00087
18 0.001068 -2.97143
19 0.001015 -2.99353
20 0.000436 -3.36051
21 0.001243 -2.90553
22 0.000876 -3.0575
23 0.001132 -2.94615
24 0.001023 -2.99012
25 0.000556 -3.25493
26 0.001013 -2.99439
27 0.001172 -2.93107
28 0.000832 -3.07988
29 0.000633 -3.1986
30 0.000834 -3.07883
31 0.000675 -3.1707
32 0.000218 -3.66154
33 0.000534 -3.27246
34 0.000575 -3.24033
35 0.000462 -3.33536
36 0.000874 -3.05849
37 0.000442 -3.35458
38 0.000706 -3.1512
39 0.000554 -3.25649
40 0.000674 -3.17134
41 0.000458 -3.33913
42 0.000627 -3.20273
43 0.000242 -3.61618
44 0.000260 -3.58503
45 0.000092 -4.03621
46 0.000080 -4.09691
47 0.000314 -3.50307
48 0.000169 -3.77211
49 0.000411 -3.38616
50 0.000088 -4.05552
51 0.000309 -3.51004
52 0.000220 -3.65758
53 0.000269 -3.57025
54 0.000302 -3.51999
55 0.000160 -3.79588
