  0.601103  
  0.106063  
  0.047301  
  0.012067  
  0.016680  
  0.010265  
  0.007373  
  0.005375  
  0.002164  
  0.001192  
  0.001462  
  0.001394  
  0.001764  
  0.000773  
  0.001186  
  0.000910  
  0.000998  
  0.001068  
  0.001015  
  0.000436  
  0.001243  
  0.000876  
  0.001132  
  0.001023  
  0.000556  
  0.001013  
  0.001172  
  0.000832  
  0.000633  
  0.000834  
  0.000675  
  0.000218  
  0.000534  
  0.000575  
  0.000462  
  0.000874  
  0.000442  
  0.000706  
  0.000554  
  0.000674  
  0.000458  
  0.000627  
  0.000242  
  0.000260  
  0.000092  
  0.000080  
  0.000314  
  0.000169  
  0.000411  
  0.000088  
  0.000309  
  0.000220  
  0.000269  
  0.000302  
  0.000160  
