          632
           51
          119
          153
          158
   1    0    1    2
   2    0    1    3
   3    0    1    4
   5    0    3    2
   6    0    3    3
   7    0    3    4
   9    0    3    6
  10    0    3    7
  11    0    3    8
  13    0    3   10
  14    0    3   11
  15    0    3   12
  17    0    3   14
  18    0    3   15
  19    0    3   16
  21    0    2    6
  22    0    2    7
  23    0    2    8
  25    0    2   10
  26    0    2   11
  27    0    2   12
  29    0    2   14
  30    0    2   15
  31    0    2   16
  33    0    0    6
  34    0    0    7
  35    0    0    8
  37    0    0   10
  38    0    0   11
  39    0    0   12
  41    0    0   14
  42    0    0   15
  43    0    0   16
  45    0    0   18
  46    0    0   19
  47    0    0   20
  49    0    0   22
  50    0    0   23
  51    0    0   24
  53    0    0   26
  54    0    0   27
  55    0    0   28
  57    0    0   30
  58    0    0   31
  59    0    0   32
  61    0    0   34
  62    0    0   35
  63    0    0   36
  65    0    0   38
  66    0    0   39
  67    0    0   40
  69    0    1    1
  70    0    1    2
  71    0    1    3
  72    0    1    4
  73    0    3    1
  74    0    3    2
  75    0    3    3
  76    0    3    4
  77    0    3    5
  78    0    3    6
  79    0    3    7
  80    0    3    8
  81    0    3    9
  82    0    3   10
  83    0    3   11
  84    0    3   12
  85    0    3   13
  86    0    3   14
  87    0    3   15
  88    0    3   16
  89    0    2    5
  90    0    2    6
  91    0    2    7
  92    0    2    8
  93    0    2    9
  94    0    2   10
  95    0    2   11
  96    0    2   12
  97    0    2   13
  98    0    2   14
  99    0    2   15
 100    0    2   16
 101    0    0    5
 102    0    0    6
 103    0    0    7
 104    0    0    8
 105    0    0    9
 106    0    0   10
 107    0    0   11
 108    0    0   12
 109    0    0   13
 110    0    0   14
 111    0    0   15
 112    0    0   16
 113    0    0   17
 114    0    0   18
 115    0    0   19
 116    0    0   20
 117    0    0   21
 118    0    0   22
 119    0    0   23
 120    0    0   24
 121    0    0   25
 122    0    0   26
 123    0    0   27
 124    0    0   28
 125    0    0   29
 126    0    0   30
 127    0    0   31
 128    0    0   32
 129    0    0   33
 130    0    0   34
 131    0    0   35
 132    0    0   36
 133    0    0   37
 134    0    0   38
 135    0    0   39
 136    0    0   40
 137    0    1    5
 138    0    1    9
 139    0    1   13
 140    0    2   17
 141    0    2   21
 142    0    2   25
 143    0    2   29
 144    0    2   33
 145    0    2   37
 146    0    3    5
 147    0    3    9
 148    0    3   13
 149    0    3   17
 150    0    3   21
 151    0    3   25
 152    0    3   29
 153    0    3   33
 154    0    3   37
 155    0    0   17
 156    0    0   21
 157    0    0   25
 158    0    0   29
 159    0    0   33
 160    0    0   37
 161    0    0   41
 162    0    0   45
 163    0    0   49
 164    0    0   53
 165    0    0   57
 166    0    0   61
 167    0    0   65
 168    0    0   69
 169    0    0   73
 170    0    0   77
 173    0    2    1
 174    0    0    1
 175    0    0    5
 176    0    0    9
 177    0    0   13
