 152
 12
 28
 37
 38
   1    0    1    2
   2    0    1    3
   3    0    1    4
   5    0    0    6
   6    0    0    7
   7    0    0    8
   9    0    0   10
  10    0    0   11
  11    0    0   12
  13    0    0   14
  14    0    0   15
  15    0    0   16
  17    0    1    1
  18    0    1    2
  19    0    1    3
  20    0    1    4
  21    0    0    5
  22    0    0    6
  23    0    0    7
  24    0    0    8
  25    0    0    9
  26    0    0   10
  27    0    0   11
  28    0    0   12
  29    0    0   13
  30    0    0   14
  31    0    0   15
  32    0    0   16
  33    0    1    5
  34    0    1    9
  35    0    1   13
  36    0    0   17
  37    0    0   21
  38    0    0   25
  39    0    0   29
  40    0    0   33
  41    0    0   37
  42    0    0    1
