 140    
 9
 22
 34
 35
   1    1    0    2
   2    1    0    3
   3    1    0    4
   4    0    0    5
   5    0    0    6
   6    0    0    7
   7    0    0    8
   8    0    0    9
   9    0    0   10
  18    1    0    1
  19    1    0    2
  20    1    0    3
  21    1    0    4
  22    0    0    2
  23    0    0    3
  24    0    0    4
  25    0    0    5
  26    0    0    6
  27    0    0    7
  28    0    0    8
  29    0    0    9
  30    0    0   10
  35    1    0   18
  36    0    0   19
  37    0    0   20
  38    0    0   21
  39    1    0   35
  40    0    0   36
  41    0    0   37
  42    0    0   38
  43    1    0   52
  44    0    0   53
  45    0    0   54
  46    0    0   55
  47    0    0    1
