          544
           34
           76
          127
          136
   1    1    0    2
   2    1    0    3
   3    1    0    4
   4    2    0    5
   5    2    0    6
   6    2    0    7
   7    2    0    8
   8    2    0    9
   9    2    0   10
  10    3    0    2
  11    3    0    3
  12    3    0    4
  13    3    0    5
  14    3    0    6
  15    3    0    7
  16    3    0    8
  17    3    0    9
  18    3    0   10
  19    0    0    5
  20    0    0    6
  21    0    0    7
  22    0    0    8
  23    0    0    9
  24    0    0   10
  25    0    0   11
  26    0    0   12
  27    0    0   13
  28    0    0   14
  29    0    0   15
  30    0    0   16
  31    0    0   17
  32    0    0   18
  33    0    0   19
  34    0    0   20
  43    1    0    1
  44    1    0    2
  45    1    0    3
  46    1    0    4
  47    2    0    2
  48    2    0    3
  49    2    0    4
  50    2    0    5
  51    2    0    6
  52    2    0    7
  53    2    0    8
  54    2    0    9
  55    2    0   10
  56    3    0    1
  57    3    0    2
  58    3    0    3
  59    3    0    4
  60    3    0    5
  61    3    0    6
  62    3    0    7
  63    3    0    8
  64    3    0    9
  65    3    0   10
  66    0    0    2
  67    0    0    3
  68    0    0    4
  69    0    0    5
  70    0    0    6
  71    0    0    7
  72    0    0    8
  73    0    0    9
  74    0    0   10
  75    0    0   11
  76    0    0   12
  77    0    0   13
  78    0    0   14
  79    0    0   15
  80    0    0   16
  81    0    0   17
  82    0    0   18
  83    0    0   19
  84    0    0   20
  85    1    0   43
  86    3    0   43
  87    3    0   44
  88    3    0   45
  89    3    0   46
  90    2    0   44
  91    2    0   45
  92    2    0   46
  93    0    0   44
  94    0    0   45
  95    0    0   46
  96    0    0   47
  97    0    0   48
  98    0    0   49
  99    0    0   50
 100    0    0   51
 101    0    0   52
 102    1    0   85
 103    3    0   85
 104    3    0   86
 105    3    0   87
 106    3    0   88
 107    2    0   86
 108    2    0   87
 109    2    0   88
 110    0    0   86
 111    0    0   87
 112    0    0   88
 113    0    0   89
 114    0    0   90
 115    0    0   91
 116    0    0   92
 117    0    0   93
 118    0    0   94
 119    1    0  127
 120    3    0  127
 121    3    0  128
 122    3    0  129
 123    3    0  130
 124    2    0  128
 125    2    0  129
 126    2    0  130
 127    0    0  128
 128    0    0  129
 129    0    0  130
 130    0    0  131
 131    0    0  132
 132    0    0  133
 133    0    0  134
 134    0    0  135
 135    0    0  136
 136    2    0    1
 137    0    0    1
 138    0    0    2
 139    0    0    3
 140    0    0    4
 141    3    0    1
 142    0    0    2
 143    0    0    3
 144    0    0    4
