 8432
 578
 1292
 1870
 2108
   1    1    1    2
   2    1    1    3
   3    1    1    4
   4    2    1    5
   5    2    1    6
   6    2    1    7
   7    2    1    8
   8    2    1    9
   9    2    1   10
  10    3    1    2
  11    3    1    3
  12    3    1    4
  13    3    1    5
  14    3    1    6
  15    3    1    7
  16    3    1    8
  17    3    1    9
  18    3    1   10
  19    0    1    5
  20    0    1    6
  21    0    1    7
  22    0    1    8
  23    0    1    9
  24    0    1   10
  25    0    1   11
  26    0    1   12
  27    0    1   13
  28    0    1   14
  29    0    1   15
  30    0    1   16
  31    0    1   17
  32    0    1   18
  33    0    1   19
  34    0    1   20
  25    1    3   26
  26    1    3   27
  27    1    3   28
  28    2    3   29
  29    2    3   30
  30    2    3   31
  31    2    3   32
  32    2    3   33
  33    2    3   34
  34    3    3   26
  35    3    3   27
  36    3    3   28
  37    3    3   29
  38    3    3   30
  39    3    3   31
  40    3    3   32
  41    3    3   33
  42    3    3   34
  43    0    3   29
  44    0    3   30
  45    0    3   31
  46    0    3   32
  47    0    3   33
  48    0    3   34
  49    0    3   35
  50    0    3   36
  51    0    3   37
  52    0    3   38
  53    0    3   39
  54    0    3   40
  55    0    3   41
  56    0    3   42
  57    0    3   43
  58    0    3   44
  49    1    3   50
  50    1    3   51
  51    1    3   52
  52    2    3   53
  53    2    3   54
  54    2    3   55
  55    2    3   56
  56    2    3   57
  57    2    3   58
  58    3    3   50
  59    3    3   51
  60    3    3   52
  61    3    3   53
  62    3    3   54
  63    3    3   55
  64    3    3   56
  65    3    3   57
  66    3    3   58
  67    0    3   53
  68    0    3   54
  69    0    3   55
  70    0    3   56
  71    0    3   57
  72    0    3   58
  73    0    3   59
  74    0    3   60
  75    0    3   61
  76    0    3   62
  77    0    3   63
  78    0    3   64
  79    0    3   65
  80    0    3   66
  81    0    3   67
  82    0    3   68
  73    1    3   74
  74    1    3   75
  75    1    3   76
  76    2    3   77
  77    2    3   78
  78    2    3   79
  79    2    3   80
  80    2    3   81
  81    2    3   82
  82    3    3   74
  83    3    3   75
  84    3    3   76
  85    3    3   77
  86    3    3   78
  87    3    3   79
  88    3    3   80
  89    3    3   81
  90    3    3   82
  91    0    3   77
  92    0    3   78
  93    0    3   79
  94    0    3   80
  95    0    3   81
  96    0    3   82
  97    0    3   83
  98    0    3   84
  99    0    3   85
 100    0    3   86
 101    0    3   87
 102    0    3   88
 103    0    3   89
 104    0    3   90
 105    0    3   91
 106    0    3   92
  97    1    2   26
  98    1    2   27
  99    1    2   28
 100    2    2   29
 101    2    2   30
 102    2    2   31
 103    2    2   32
 104    2    2   33
 105    2    2   34
 106    3    2   26
 107    3    2   27
 108    3    2   28
 109    3    2   29
 110    3    2   30
 111    3    2   31
 112    3    2   32
 113    3    2   33
 114    3    2   34
 115    0    2   29
 116    0    2   30
 117    0    2   31
 118    0    2   32
 119    0    2   33
 120    0    2   34
 121    0    2   35
 122    0    2   36
 123    0    2   37
 124    0    2   38
 125    0    2   39
 126    0    2   40
 127    0    2   41
 128    0    2   42
 129    0    2   43
 130    0    2   44
 121    1    0   98
 122    1    0   99
 123    1    0  100
 124    2    0  101
 125    2    0  102
 126    2    0  103
 127    2    0  104
 128    2    0  105
 129    2    0  106
 130    3    0   98
 131    3    0   99
 132    3    0  100
 133    3    0  101
 134    3    0  102
 135    3    0  103
 136    3    0  104
 137    3    0  105
 138    3    0  106
 139    0    0  101
 140    0    0  102
 141    0    0  103
 142    0    0  104
 143    0    0  105
 144    0    0  106
 145    0    0  107
 146    0    0  108
 147    0    0  109
 148    0    0  110
 149    0    0  111
 150    0    0  112
 151    0    0  113
 152    0    0  114
 153    0    0  115
 154    0    0  116
 145    1    3    2
 146    1    3    3
 147    1    3    4
 148    2    3    5
 149    2    3    6
 150    2    3    7
 151    2    3    8
 152    2    3    9
 153    2    3   10
 154    3    3    2
 155    3    3    3
 156    3    3    4
 157    3    3    5
 158    3    3    6
 159    3    3    7
 160    3    3    8
 161    3    3    9
 162    3    3   10
 163    0    3    5
 164    0    3    6
 165    0    3    7
 166    0    3    8
 167    0    3    9
 168    0    3   10
 169    0    3   11
 170    0    3   12
 171    0    3   13
 172    0    3   14
 173    0    3   15
 174    0    3   16
 175    0    3   17
 176    0    3   18
 177    0    3   19
 178    0    3   20
 169    1    0   26
 170    1    0   27
 171    1    0   28
 172    2    0   29
 173    2    0   30
 174    2    0   31
 175    2    0   32
 176    2    0   33
 177    2    0   34
 178    3    0   26
 179    3    0   27
 180    3    0   28
 181    3    0   29
 182    3    0   30
 183    3    0   31
 184    3    0   32
 185    3    0   33
 186    3    0   34
 187    0    0   29
 188    0    0   30
 189    0    0   31
 190    0    0   32
 191    0    0   33
 192    0    0   34
 193    0    0   35
 194    0    0   36
 195    0    0   37
 196    0    0   38
 197    0    0   39
 198    0    0   40
 199    0    0   41
 200    0    0   42
 201    0    0   43
 202    0    0   44
 193    1    2   50
 194    1    2   51
 195    1    2   52
 196    2    2   53
 197    2    2   54
 198    2    2   55
 199    2    2   56
 200    2    2   57
 201    2    2   58
 202    3    2   50
 203    3    2   51
 204    3    2   52
 205    3    2   53
 206    3    2   54
 207    3    2   55
 208    3    2   56
 209    3    2   57
 210    3    2   58
 211    0    2   53
 212    0    2   54
 213    0    2   55
 214    0    2   56
 215    0    2   57
 216    0    2   58
 217    0    2   59
 218    0    2   60
 219    0    2   61
 220    0    2   62
 221    0    2   63
 222    0    2   64
 223    0    2   65
 224    0    2   66
 225    0    2   67
 226    0    2   68
 217    1    0  122
 218    1    0  123
 219    1    0  124
 220    2    0  125
 221    2    0  126
 222    2    0  127
 223    2    0  128
 224    2    0  129
 225    2    0  130
 226    3    0  122
 227    3    0  123
 228    3    0  124
 229    3    0  125
 230    3    0  126
 231    3    0  127
 232    3    0  128
 233    3    0  129
 234    3    0  130
 235    0    0  125
 236    0    0  126
 237    0    0  127
 238    0    0  128
 239    0    0  129
 240    0    0  130
 241    0    0  131
 242    0    0  132
 243    0    0  133
 244    0    0  134
 245    0    0  135
 246    0    0  136
 247    0    0  137
 248    0    0  138
 249    0    0  139
 250    0    0  140
 241    1    0  146
 242    1    0  147
 243    1    0  148
 244    2    0  149
 245    2    0  150
 246    2    0  151
 247    2    0  152
 248    2    0  153
 249    2    0  154
 250    3    0  146
 251    3    0  147
 252    3    0  148
 253    3    0  149
 254    3    0  150
 255    3    0  151
 256    3    0  152
 257    3    0  153
 258    3    0  154
 259    0    0  149
 260    0    0  150
 261    0    0  151
 262    0    0  152
 263    0    0  153
 264    0    0  154
 265    0    0  155
 266    0    0  156
 267    0    0  157
 268    0    0  158
 269    0    0  159
 270    0    0  160
 271    0    0  161
 272    0    0  162
 273    0    0  163
 274    0    0  164
 265    1    0   50
 266    1    0   51
 267    1    0   52
 268    2    0   53
 269    2    0   54
 270    2    0   55
 271    2    0   56
 272    2    0   57
 273    2    0   58
 274    3    0   50
 275    3    0   51
 276    3    0   52
 277    3    0   53
 278    3    0   54
 279    3    0   55
 280    3    0   56
 281    3    0   57
 282    3    0   58
 283    0    0   53
 284    0    0   54
 285    0    0   55
 286    0    0   56
 287    0    0   57
 288    0    0   58
 289    0    0   59
 290    0    0   60
 291    0    0   61
 292    0    0   62
 293    0    0   63
 294    0    0   64
 295    0    0   65
 296    0    0   66
 297    0    0   67
 298    0    0   68
 289    1    2   74
 290    1    2   75
 291    1    2   76
 292    2    2   77
 293    2    2   78
 294    2    2   79
 295    2    2   80
 296    2    2   81
 297    2    2   82
 298    3    2   74
 299    3    2   75
 300    3    2   76
 301    3    2   77
 302    3    2   78
 303    3    2   79
 304    3    2   80
 305    3    2   81
 306    3    2   82
 307    0    2   77
 308    0    2   78
 309    0    2   79
 310    0    2   80
 311    0    2   81
 312    0    2   82
 313    0    2   83
 314    0    2   84
 315    0    2   85
 316    0    2   86
 317    0    2   87
 318    0    2   88
 319    0    2   89
 320    0    2   90
 321    0    2   91
 322    0    2   92
 313    1    0  170
 314    1    0  171
 315    1    0  172
 316    2    0  173
 317    2    0  174
 318    2    0  175
 319    2    0  176
 320    2    0  177
 321    2    0  178
 322    3    0  170
 323    3    0  171
 324    3    0  172
 325    3    0  173
 326    3    0  174
 327    3    0  175
 328    3    0  176
 329    3    0  177
 330    3    0  178
 331    0    0  173
 332    0    0  174
 333    0    0  175
 334    0    0  176
 335    0    0  177
 336    0    0  178
 337    0    0  179
 338    0    0  180
 339    0    0  181
 340    0    0  182
 341    0    0  183
 342    0    0  184
 343    0    0  185
 344    0    0  186
 345    0    0  187
 346    0    0  188
 337    1    0  194
 338    1    0  195
 339    1    0  196
 340    2    0  197
 341    2    0  198
 342    2    0  199
 343    2    0  200
 344    2    0  201
 345    2    0  202
 346    3    0  194
 347    3    0  195
 348    3    0  196
 349    3    0  197
 350    3    0  198
 351    3    0  199
 352    3    0  200
 353    3    0  201
 354    3    0  202
 355    0    0  197
 356    0    0  198
 357    0    0  199
 358    0    0  200
 359    0    0  201
 360    0    0  202
 361    0    0  203
 362    0    0  204
 363    0    0  205
 364    0    0  206
 365    0    0  207
 366    0    0  208
 367    0    0  209
 368    0    0  210
 369    0    0  211
 370    0    0  212
 361    1    0  218
 362    1    0  219
 363    1    0  220
 364    2    0  221
 365    2    0  222
 366    2    0  223
 367    2    0  224
 368    2    0  225
 369    2    0  226
 370    3    0  218
 371    3    0  219
 372    3    0  220
 373    3    0  221
 374    3    0  222
 375    3    0  223
 376    3    0  224
 377    3    0  225
 378    3    0  226
 379    0    0  221
 380    0    0  222
 381    0    0  223
 382    0    0  224
 383    0    0  225
 384    0    0  226
 385    0    0  227
 386    0    0  228
 387    0    0  229
 388    0    0  230
 389    0    0  231
 390    0    0  232
 391    0    0  233
 392    0    0  234
 393    0    0  235
 394    0    0  236
 385    1    0   74
 386    1    0   75
 387    1    0   76
 388    2    0   77
 389    2    0   78
 390    2    0   79
 391    2    0   80
 392    2    0   81
 393    2    0   82
 394    3    0   74
 395    3    0   75
 396    3    0   76
 397    3    0   77
 398    3    0   78
 399    3    0   79
 400    3    0   80
 401    3    0   81
 402    3    0   82
 403    0    0   77
 404    0    0   78
 405    0    0   79
 406    0    0   80
 407    0    0   81
 408    0    0   82
 409    0    0   83
 410    0    0   84
 411    0    0   85
 412    0    0   86
 413    0    0   87
 414    0    0   88
 415    0    0   89
 416    0    0   90
 417    0    0   91
 418    0    0   92
 613    1    1    1
 614    1    1    2
 615    1    1    3
 616    1    1    4
 617    2    1    2
 618    2    1    3
 619    2    1    4
 620    2    1    5
 621    2    1    6
 622    2    1    7
 623    2    1    8
 624    2    1    9
 625    2    1   10
 626    3    1    1
 627    3    1    2
 628    3    1    3
 629    3    1    4
 630    3    1    5
 631    3    1    6
 632    3    1    7
 633    3    1    8
 634    3    1    9
 635    3    1   10
 636    0    1    2
 637    0    1    3
 638    0    1    4
 639    0    1    5
 640    0    1    6
 641    0    1    7
 642    0    1    8
 643    0    1    9
 644    0    1   10
 645    0    1   11
 646    0    1   12
 647    0    1   13
 648    0    1   14
 649    0    1   15
 650    0    1   16
 651    0    1   17
 652    0    1   18
 653    0    1   19
 654    0    1   20
 637    1    3   25
 638    1    3   26
 639    1    3   27
 640    1    3   28
 641    2    3   26
 642    2    3   27
 643    2    3   28
 644    2    3   29
 645    2    3   30
 646    2    3   31
 647    2    3   32
 648    2    3   33
 649    2    3   34
 650    3    3   25
 651    3    3   26
 652    3    3   27
 653    3    3   28
 654    3    3   29
 655    3    3   30
 656    3    3   31
 657    3    3   32
 658    3    3   33
 659    3    3   34
 660    0    3   26
 661    0    3   27
 662    0    3   28
 663    0    3   29
 664    0    3   30
 665    0    3   31
 666    0    3   32
 667    0    3   33
 668    0    3   34
 669    0    3   35
 670    0    3   36
 671    0    3   37
 672    0    3   38
 673    0    3   39
 674    0    3   40
 675    0    3   41
 676    0    3   42
 677    0    3   43
 678    0    3   44
 661    1    3   49
 662    1    3   50
 663    1    3   51
 664    1    3   52
 665    2    3   50
 666    2    3   51
 667    2    3   52
 668    2    3   53
 669    2    3   54
 670    2    3   55
 671    2    3   56
 672    2    3   57
 673    2    3   58
 674    3    3   49
 675    3    3   50
 676    3    3   51
 677    3    3   52
 678    3    3   53
 679    3    3   54
 680    3    3   55
 681    3    3   56
 682    3    3   57
 683    3    3   58
 684    0    3   50
 685    0    3   51
 686    0    3   52
 687    0    3   53
 688    0    3   54
 689    0    3   55
 690    0    3   56
 691    0    3   57
 692    0    3   58
 693    0    3   59
 694    0    3   60
 695    0    3   61
 696    0    3   62
 697    0    3   63
 698    0    3   64
 699    0    3   65
 700    0    3   66
 701    0    3   67
 702    0    3   68
 685    1    3   73
 686    1    3   74
 687    1    3   75
 688    1    3   76
 689    2    3   74
 690    2    3   75
 691    2    3   76
 692    2    3   77
 693    2    3   78
 694    2    3   79
 695    2    3   80
 696    2    3   81
 697    2    3   82
 698    3    3   73
 699    3    3   74
 700    3    3   75
 701    3    3   76
 702    3    3   77
 703    3    3   78
 704    3    3   79
 705    3    3   80
 706    3    3   81
 707    3    3   82
 708    0    3   74
 709    0    3   75
 710    0    3   76
 711    0    3   77
 712    0    3   78
 713    0    3   79
 714    0    3   80
 715    0    3   81
 716    0    3   82
 717    0    3   83
 718    0    3   84
 719    0    3   85
 720    0    3   86
 721    0    3   87
 722    0    3   88
 723    0    3   89
 724    0    3   90
 725    0    3   91
 726    0    3   92
 709    1    2   25
 710    1    2   26
 711    1    2   27
 712    1    2   28
 713    2    2   26
 714    2    2   27
 715    2    2   28
 716    2    2   29
 717    2    2   30
 718    2    2   31
 719    2    2   32
 720    2    2   33
 721    2    2   34
 722    3    2   25
 723    3    2   26
 724    3    2   27
 725    3    2   28
 726    3    2   29
 727    3    2   30
 728    3    2   31
 729    3    2   32
 730    3    2   33
 731    3    2   34
 732    0    2   26
 733    0    2   27
 734    0    2   28
 735    0    2   29
 736    0    2   30
 737    0    2   31
 738    0    2   32
 739    0    2   33
 740    0    2   34
 741    0    2   35
 742    0    2   36
 743    0    2   37
 744    0    2   38
 745    0    2   39
 746    0    2   40
 747    0    2   41
 748    0    2   42
 749    0    2   43
 750    0    2   44
 733    1    0   97
 734    1    0   98
 735    1    0   99
 736    1    0  100
 737    2    0   98
 738    2    0   99
 739    2    0  100
 740    2    0  101
 741    2    0  102
 742    2    0  103
 743    2    0  104
 744    2    0  105
 745    2    0  106
 746    3    0   97
 747    3    0   98
 748    3    0   99
 749    3    0  100
 750    3    0  101
 751    3    0  102
 752    3    0  103
 753    3    0  104
 754    3    0  105
 755    3    0  106
 756    0    0   98
 757    0    0   99
 758    0    0  100
 759    0    0  101
 760    0    0  102
 761    0    0  103
 762    0    0  104
 763    0    0  105
 764    0    0  106
 765    0    0  107
 766    0    0  108
 767    0    0  109
 768    0    0  110
 769    0    0  111
 770    0    0  112
 771    0    0  113
 772    0    0  114
 773    0    0  115
 774    0    0  116
 757    1    3    1
 758    1    3    2
 759    1    3    3
 760    1    3    4
 761    2    3    2
 762    2    3    3
 763    2    3    4
 764    2    3    5
 765    2    3    6
 766    2    3    7
 767    2    3    8
 768    2    3    9
 769    2    3   10
 770    3    3    1
 771    3    3    2
 772    3    3    3
 773    3    3    4
 774    3    3    5
 775    3    3    6
 776    3    3    7
 777    3    3    8
 778    3    3    9
 779    3    3   10
 780    0    3    2
 781    0    3    3
 782    0    3    4
 783    0    3    5
 784    0    3    6
 785    0    3    7
 786    0    3    8
 787    0    3    9
 788    0    3   10
 789    0    3   11
 790    0    3   12
 791    0    3   13
 792    0    3   14
 793    0    3   15
 794    0    3   16
 795    0    3   17
 796    0    3   18
 797    0    3   19
 798    0    3   20
 781    1    0   25
 782    1    0   26
 783    1    0   27
 784    1    0   28
 785    2    0   26
 786    2    0   27
 787    2    0   28
 788    2    0   29
 789    2    0   30
 790    2    0   31
 791    2    0   32
 792    2    0   33
 793    2    0   34
 794    3    0   25
 795    3    0   26
 796    3    0   27
 797    3    0   28
 798    3    0   29
 799    3    0   30
 800    3    0   31
 801    3    0   32
 802    3    0   33
 803    3    0   34
 804    0    0   26
 805    0    0   27
 806    0    0   28
 807    0    0   29
 808    0    0   30
 809    0    0   31
 810    0    0   32
 811    0    0   33
 812    0    0   34
 813    0    0   35
 814    0    0   36
 815    0    0   37
 816    0    0   38
 817    0    0   39
 818    0    0   40
 819    0    0   41
 820    0    0   42
 821    0    0   43
 822    0    0   44
 805    1    2   49
 806    1    2   50
 807    1    2   51
 808    1    2   52
 809    2    2   50
 810    2    2   51
 811    2    2   52
 812    2    2   53
 813    2    2   54
 814    2    2   55
 815    2    2   56
 816    2    2   57
 817    2    2   58
 818    3    2   49
 819    3    2   50
 820    3    2   51
 821    3    2   52
 822    3    2   53
 823    3    2   54
 824    3    2   55
 825    3    2   56
 826    3    2   57
 827    3    2   58
 828    0    2   50
 829    0    2   51
 830    0    2   52
 831    0    2   53
 832    0    2   54
 833    0    2   55
 834    0    2   56
 835    0    2   57
 836    0    2   58
 837    0    2   59
 838    0    2   60
 839    0    2   61
 840    0    2   62
 841    0    2   63
 842    0    2   64
 843    0    2   65
 844    0    2   66
 845    0    2   67
 846    0    2   68
 829    1    0  121
 830    1    0  122
 831    1    0  123
 832    1    0  124
 833    2    0  122
 834    2    0  123
 835    2    0  124
 836    2    0  125
 837    2    0  126
 838    2    0  127
 839    2    0  128
 840    2    0  129
 841    2    0  130
 842    3    0  121
 843    3    0  122
 844    3    0  123
 845    3    0  124
 846    3    0  125
 847    3    0  126
 848    3    0  127
 849    3    0  128
 850    3    0  129
 851    3    0  130
 852    0    0  122
 853    0    0  123
 854    0    0  124
 855    0    0  125
 856    0    0  126
 857    0    0  127
 858    0    0  128
 859    0    0  129
 860    0    0  130
 861    0    0  131
 862    0    0  132
 863    0    0  133
 864    0    0  134
 865    0    0  135
 866    0    0  136
 867    0    0  137
 868    0    0  138
 869    0    0  139
 870    0    0  140
 853    1    0  145
 854    1    0  146
 855    1    0  147
 856    1    0  148
 857    2    0  146
 858    2    0  147
 859    2    0  148
 860    2    0  149
 861    2    0  150
 862    2    0  151
 863    2    0  152
 864    2    0  153
 865    2    0  154
 866    3    0  145
 867    3    0  146
 868    3    0  147
 869    3    0  148
 870    3    0  149
 871    3    0  150
 872    3    0  151
 873    3    0  152
 874    3    0  153
 875    3    0  154
 876    0    0  146
 877    0    0  147
 878    0    0  148
 879    0    0  149
 880    0    0  150
 881    0    0  151
 882    0    0  152
 883    0    0  153
 884    0    0  154
 885    0    0  155
 886    0    0  156
 887    0    0  157
 888    0    0  158
 889    0    0  159
 890    0    0  160
 891    0    0  161
 892    0    0  162
 893    0    0  163
 894    0    0  164
 877    1    0   49
 878    1    0   50
 879    1    0   51
 880    1    0   52
 881    2    0   50
 882    2    0   51
 883    2    0   52
 884    2    0   53
 885    2    0   54
 886    2    0   55
 887    2    0   56
 888    2    0   57
 889    2    0   58
 890    3    0   49
 891    3    0   50
 892    3    0   51
 893    3    0   52
 894    3    0   53
 895    3    0   54
 896    3    0   55
 897    3    0   56
 898    3    0   57
 899    3    0   58
 900    0    0   50
 901    0    0   51
 902    0    0   52
 903    0    0   53
 904    0    0   54
 905    0    0   55
 906    0    0   56
 907    0    0   57
 908    0    0   58
 909    0    0   59
 910    0    0   60
 911    0    0   61
 912    0    0   62
 913    0    0   63
 914    0    0   64
 915    0    0   65
 916    0    0   66
 917    0    0   67
 918    0    0   68
 901    1    2   73
 902    1    2   74
 903    1    2   75
 904    1    2   76
 905    2    2   74
 906    2    2   75
 907    2    2   76
 908    2    2   77
 909    2    2   78
 910    2    2   79
 911    2    2   80
 912    2    2   81
 913    2    2   82
 914    3    2   73
 915    3    2   74
 916    3    2   75
 917    3    2   76
 918    3    2   77
 919    3    2   78
 920    3    2   79
 921    3    2   80
 922    3    2   81
 923    3    2   82
 924    0    2   74
 925    0    2   75
 926    0    2   76
 927    0    2   77
 928    0    2   78
 929    0    2   79
 930    0    2   80
 931    0    2   81
 932    0    2   82
 933    0    2   83
 934    0    2   84
 935    0    2   85
 936    0    2   86
 937    0    2   87
 938    0    2   88
 939    0    2   89
 940    0    2   90
 941    0    2   91
 942    0    2   92
 925    1    0  169
 926    1    0  170
 927    1    0  171
 928    1    0  172
 929    2    0  170
 930    2    0  171
 931    2    0  172
 932    2    0  173
 933    2    0  174
 934    2    0  175
 935    2    0  176
 936    2    0  177
 937    2    0  178
 938    3    0  169
 939    3    0  170
 940    3    0  171
 941    3    0  172
 942    3    0  173
 943    3    0  174
 944    3    0  175
 945    3    0  176
 946    3    0  177
 947    3    0  178
 948    0    0  170
 949    0    0  171
 950    0    0  172
 951    0    0  173
 952    0    0  174
 953    0    0  175
 954    0    0  176
 955    0    0  177
 956    0    0  178
 957    0    0  179
 958    0    0  180
 959    0    0  181
 960    0    0  182
 961    0    0  183
 962    0    0  184
 963    0    0  185
 964    0    0  186
 965    0    0  187
 966    0    0  188
 949    1    0  193
 950    1    0  194
 951    1    0  195
 952    1    0  196
 953    2    0  194
 954    2    0  195
 955    2    0  196
 956    2    0  197
 957    2    0  198
 958    2    0  199
 959    2    0  200
 960    2    0  201
 961    2    0  202
 962    3    0  193
 963    3    0  194
 964    3    0  195
 965    3    0  196
 966    3    0  197
 967    3    0  198
 968    3    0  199
 969    3    0  200
 970    3    0  201
 971    3    0  202
 972    0    0  194
 973    0    0  195
 974    0    0  196
 975    0    0  197
 976    0    0  198
 977    0    0  199
 978    0    0  200
 979    0    0  201
 980    0    0  202
 981    0    0  203
 982    0    0  204
 983    0    0  205
 984    0    0  206
 985    0    0  207
 986    0    0  208
 987    0    0  209
 988    0    0  210
 989    0    0  211
 990    0    0  212
 973    1    0  217
 974    1    0  218
 975    1    0  219
 976    1    0  220
 977    2    0  218
 978    2    0  219
 979    2    0  220
 980    2    0  221
 981    2    0  222
 982    2    0  223
 983    2    0  224
 984    2    0  225
 985    2    0  226
 986    3    0  217
 987    3    0  218
 988    3    0  219
 989    3    0  220
 990    3    0  221
 991    3    0  222
 992    3    0  223
 993    3    0  224
 994    3    0  225
 995    3    0  226
 996    0    0  218
 997    0    0  219
 998    0    0  220
 999    0    0  221
1000    0    0  222
1001    0    0  223
1002    0    0  224
1003    0    0  225
1004    0    0  226
1005    0    0  227
1006    0    0  228
1007    0    0  229
1008    0    0  230
1009    0    0  231
1010    0    0  232
1011    0    0  233
1012    0    0  234
1013    0    0  235
1014    0    0  236
 997    1    0   73
 998    1    0   74
 999    1    0   75
1000    1    0   76
1001    2    0   74
1002    2    0   75
1003    2    0   76
1004    2    0   77
1005    2    0   78
1006    2    0   79
1007    2    0   80
1008    2    0   81
1009    2    0   82
1010    3    0   73
1011    3    0   74
1012    3    0   75
1013    3    0   76
1014    3    0   77
1015    3    0   78
1016    3    0   79
1017    3    0   80
1018    3    0   81
1019    3    0   82
1020    0    0   74
1021    0    0   75
1022    0    0   76
1023    0    0   77
1024    0    0   78
1025    0    0   79
1026    0    0   80
1027    0    0   81
1028    0    0   82
1029    0    0   83
1030    0    0   84
1031    0    0   85
1032    0    0   86
1033    0    0   87
1034    0    0   88
1035    0    0   89
1036    0    0   90
1037    0    0   91
1038    0    0   92
1225    1    1   25
1226    3    1   26
1227    3    1   27
1228    3    1   28
1229    2    1   26
1230    0    1   29
1231    3    1   25
1232    0    1   26
1233    2    1   27
1234    0    1   30
1235    0    1   31
1236    0    1   27
1237    2    1   28
1238    0    1   32
1239    0    1   33
1240    0    1   34
1241    0    1   28
1242    1    1   49
1243    3    1   50
1244    3    1   51
1245    3    1   52
1246    2    1   50
1247    0    1   53
1248    3    1   49
1249    0    1   50
1250    2    1   51
1251    0    1   54
1252    0    1   55
1253    0    1   51
1254    2    1   52
1255    0    1   56
1256    0    1   57
1257    0    1   58
1258    0    1   52
1259    1    1   73
1260    3    1   74
1261    3    1   75
1262    3    1   76
1263    2    1   74
1264    0    1   77
1265    3    1   73
1266    0    1   74
1267    2    1   75
1268    0    1   78
1269    0    1   79
1270    0    1   75
1271    2    1   76
1272    0    1   80
1273    0    1   81
1274    0    1   82
1275    0    1   76
1276    1    2   97
1277    3    2   98
1278    3    2   99
1279    3    2  100
1280    2    2   98
1281    0    2  101
1282    3    2   97
1283    0    2   98
1284    2    2   99
1285    0    2  102
1286    0    2  103
1287    0    2   99
1288    2    2  100
1289    0    2  104
1290    0    2  105
1291    0    2  106
1292    0    2  100
1293    1    2  121
1294    3    2  122
1295    3    2  123
1296    3    2  124
1297    2    2  122
1298    0    2  125
1299    3    2  121
1300    0    2  122
1301    2    2  123
1302    0    2  126
1303    0    2  127
1304    0    2  123
1305    2    2  124
1306    0    2  128
1307    0    2  129
1308    0    2  130
1309    0    2  124
1310    1    2  145
1311    3    2  146
1312    3    2  147
1313    3    2  148
1314    2    2  146
1315    0    2  149
1316    3    2  145
1317    0    2  146
1318    2    2  147
1319    0    2  150
1320    0    2  151
1321    0    2  147
1322    2    2  148
1323    0    2  152
1324    0    2  153
1325    0    2  154
1326    0    2  148
1327    1    2  169
1328    3    2  170
1329    3    2  171
1330    3    2  172
1331    2    2  170
1332    0    2  173
1333    3    2  169
1334    0    2  170
1335    2    2  171
1336    0    2  174
1337    0    2  175
1338    0    2  171
1339    2    2  172
1340    0    2  176
1341    0    2  177
1342    0    2  178
1343    0    2  172
1344    1    2  193
1345    3    2  194
1346    3    2  195
1347    3    2  196
1348    2    2  194
1349    0    2  197
1350    3    2  193
1351    0    2  194
1352    2    2  195
1353    0    2  198
1354    0    2  199
1355    0    2  195
1356    2    2  196
1357    0    2  200
1358    0    2  201
1359    0    2  202
1360    0    2  196
1361    1    2  217
1362    3    2  218
1363    3    2  219
1364    3    2  220
1365    2    2  218
1366    0    2  221
1367    3    2  217
1368    0    2  218
1369    2    2  219
1370    0    2  222
1371    0    2  223
1372    0    2  219
1373    2    2  220
1374    0    2  224
1375    0    2  225
1376    0    2  226
1377    0    2  220
1378    1    3   25
1379    3    3   26
1380    3    3   27
1381    3    3   28
1382    2    3   26
1383    0    3   29
1384    3    3   25
1385    0    3   26
1386    2    3   27
1387    0    3   30
1388    0    3   31
1389    0    3   27
1390    2    3   28
1391    0    3   32
1392    0    3   33
1393    0    3   34
1394    0    3   28
1395    1    3   49
1396    3    3   50
1397    3    3   51
1398    3    3   52
1399    2    3   50
1400    0    3   53
1401    3    3   49
1402    0    3   50
1403    2    3   51
1404    0    3   54
1405    0    3   55
1406    0    3   51
1407    2    3   52
1408    0    3   56
1409    0    3   57
1410    0    3   58
1411    0    3   52
1412    1    3   73
1413    3    3   74
1414    3    3   75
1415    3    3   76
1416    2    3   74
1417    0    3   77
1418    3    3   73
1419    0    3   74
1420    2    3   75
1421    0    3   78
1422    0    3   79
1423    0    3   75
1424    2    3   76
1425    0    3   80
1426    0    3   81
1427    0    3   82
1428    0    3   76
1429    1    3   97
1430    3    3   98
1431    3    3   99
1432    3    3  100
1433    2    3   98
1434    0    3  101
1435    3    3   97
1436    0    3   98
1437    2    3   99
1438    0    3  102
1439    0    3  103
1440    0    3   99
1441    2    3  100
1442    0    3  104
1443    0    3  105
1444    0    3  106
1445    0    3  100
1446    1    3  121
1447    3    3  122
1448    3    3  123
1449    3    3  124
1450    2    3  122
1451    0    3  125
1452    3    3  121
1453    0    3  122
1454    2    3  123
1455    0    3  126
1456    0    3  127
1457    0    3  123
1458    2    3  124
1459    0    3  128
1460    0    3  129
1461    0    3  130
1462    0    3  124
1463    1    3  145
1464    3    3  146
1465    3    3  147
1466    3    3  148
1467    2    3  146
1468    0    3  149
1469    3    3  145
1470    0    3  146
1471    2    3  147
1472    0    3  150
1473    0    3  151
1474    0    3  147
1475    2    3  148
1476    0    3  152
1477    0    3  153
1478    0    3  154
1479    0    3  148
1480    1    3  169
1481    3    3  170
1482    3    3  171
1483    3    3  172
1484    2    3  170
1485    0    3  173
1486    3    3  169
1487    0    3  170
1488    2    3  171
1489    0    3  174
1490    0    3  175
1491    0    3  171
1492    2    3  172
1493    0    3  176
1494    0    3  177
1495    0    3  178
1496    0    3  172
1497    1    3  193
1498    3    3  194
1499    3    3  195
1500    3    3  196
1501    2    3  194
1502    0    3  197
1503    3    3  193
1504    0    3  194
1505    2    3  195
1506    0    3  198
1507    0    3  199
1508    0    3  195
1509    2    3  196
1510    0    3  200
1511    0    3  201
1512    0    3  202
1513    0    3  196
1514    1    3  217
1515    3    3  218
1516    3    3  219
1517    3    3  220
1518    2    3  218
1519    0    3  221
1520    3    3  217
1521    0    3  218
1522    2    3  219
1523    0    3  222
1524    0    3  223
1525    0    3  219
1526    2    3  220
1527    0    3  224
1528    0    3  225
1529    0    3  226
1530    0    3  220
1531    1    0   97
1532    3    0   98
1533    3    0   99
1534    3    0  100
1535    2    0   98
1536    0    0  101
1537    3    0   97
1538    0    0   98
1539    2    0   99
1540    0    0  102
1541    0    0  103
1542    0    0   99
1543    2    0  100
1544    0    0  104
1545    0    0  105
1546    0    0  106
1547    0    0  100
1548    1    0  121
1549    3    0  122
1550    3    0  123
1551    3    0  124
1552    2    0  122
1553    0    0  125
1554    3    0  121
1555    0    0  122
1556    2    0  123
1557    0    0  126
1558    0    0  127
1559    0    0  123
1560    2    0  124
1561    0    0  128
1562    0    0  129
1563    0    0  130
1564    0    0  124
1565    1    0  145
1566    3    0  146
1567    3    0  147
1568    3    0  148
1569    2    0  146
1570    0    0  149
1571    3    0  145
1572    0    0  146
1573    2    0  147
1574    0    0  150
1575    0    0  151
1576    0    0  147
1577    2    0  148
1578    0    0  152
1579    0    0  153
1580    0    0  154
1581    0    0  148
1582    1    0  169
1583    3    0  170
1584    3    0  171
1585    3    0  172
1586    2    0  170
1587    0    0  173
1588    3    0  169
1589    0    0  170
1590    2    0  171
1591    0    0  174
1592    0    0  175
1593    0    0  171
1594    2    0  172
1595    0    0  176
1596    0    0  177
1597    0    0  178
1598    0    0  172
1599    1    0  193
1600    3    0  194
1601    3    0  195
1602    3    0  196
1603    2    0  194
1604    0    0  197
1605    3    0  193
1606    0    0  194
1607    2    0  195
1608    0    0  198
1609    0    0  199
1610    0    0  195
1611    2    0  196
1612    0    0  200
1613    0    0  201
1614    0    0  202
1615    0    0  196
1616    1    0  217
1617    3    0  218
1618    3    0  219
1619    3    0  220
1620    2    0  218
1621    0    0  221
1622    3    0  217
1623    0    0  218
1624    2    0  219
1625    0    0  222
1626    0    0  223
1627    0    0  219
1628    2    0  220
1629    0    0  224
1630    0    0  225
1631    0    0  226
1632    0    0  220
1633    1    0  241
1634    3    0  242
1635    3    0  243
1636    3    0  244
1637    2    0  242
1638    0    0  245
1639    3    0  241
1640    0    0  242
1641    2    0  243
1642    0    0  246
1643    0    0  247
1644    0    0  243
1645    2    0  244
1646    0    0  248
1647    0    0  249
1648    0    0  250
1649    0    0  244
1650    1    0  265
1651    3    0  266
1652    3    0  267
1653    3    0  268
1654    2    0  266
1655    0    0  269
1656    3    0  265
1657    0    0  266
1658    2    0  267
1659    0    0  270
1660    0    0  271
1661    0    0  267
1662    2    0  268
1663    0    0  272
1664    0    0  273
1665    0    0  274
1666    0    0  268
1667    1    0  289
1668    3    0  290
1669    3    0  291
1670    3    0  292
1671    2    0  290
1672    0    0  293
1673    3    0  289
1674    0    0  290
1675    2    0  291
1676    0    0  294
1677    0    0  295
1678    0    0  291
1679    2    0  292
1680    0    0  296
1681    0    0  297
1682    0    0  298
1683    0    0  292
1684    1    0  313
1685    3    0  314
1686    3    0  315
1687    3    0  316
1688    2    0  314
1689    0    0  317
1690    3    0  313
1691    0    0  314
1692    2    0  315
1693    0    0  318
1694    0    0  319
1695    0    0  315
1696    2    0  316
1697    0    0  320
1698    0    0  321
1699    0    0  322
1700    0    0  316
1701    1    0  337
1702    3    0  338
1703    3    0  339
1704    3    0  340
1705    2    0  338
1706    0    0  341
1707    3    0  337
1708    0    0  338
1709    2    0  339
1710    0    0  342
1711    0    0  343
1712    0    0  339
1713    2    0  340
1714    0    0  344
1715    0    0  345
1716    0    0  346
1717    0    0  340
1718    1    0  361
1719    3    0  362
1720    3    0  363
1721    3    0  364
1722    2    0  362
1723    0    0  365
1724    3    0  361
1725    0    0  362
1726    2    0  363
1727    0    0  366
1728    0    0  367
1729    0    0  363
1730    2    0  364
1731    0    0  368
1732    0    0  369
1733    0    0  370
1734    0    0  364
1735    1    0  385
1736    3    0  386
1737    3    0  387
1738    3    0  388
1739    2    0  386
1740    0    0  389
1741    3    0  385
1742    0    0  386
1743    2    0  387
1744    0    0  390
1745    0    0  391
1746    0    0  387
1747    2    0  388
1748    0    0  392
1749    0    0  393
1750    0    0  394
1751    0    0  388
1752    1    0  409
1753    3    0  410
1754    3    0  411
1755    3    0  412
1756    2    0  410
1757    0    0  413
1758    3    0  409
1759    0    0  410
1760    2    0  411
1761    0    0  414
1762    0    0  415
1763    0    0  411
1764    2    0  412
1765    0    0  416
1766    0    0  417
1767    0    0  418
1768    0    0  412
1769    1    0  433
1770    3    0  434
1771    3    0  435
1772    3    0  436
1773    2    0  434
1774    0    0  437
1775    3    0  433
1776    0    0  434
1777    2    0  435
1778    0    0  438
1779    0    0  439
1780    0    0  435
1781    2    0  436
1782    0    0  440
1783    0    0  441
1784    0    0  442
1785    0    0  436
1786    1    0  457
1787    3    0  458
1788    3    0  459
1789    3    0  460
1790    2    0  458
1791    0    0  461
1792    3    0  457
1793    0    0  458
1794    2    0  459
1795    0    0  462
1796    0    0  463
1797    0    0  459
1798    2    0  460
1799    0    0  464
1800    0    0  465
1801    0    0  466
1802    0    0  460
1837    2    1    1
1838    0    1    1
1839    0    1    2
1840    0    1    3
1841    0    1    4
1842    2    3   25
1843    0    3   25
1844    0    3   26
1845    0    3   27
1846    0    3   28
1847    2    3   49
1848    0    3   49
1849    0    3   50
1850    0    3   51
1851    0    3   52
1852    2    3   73
1853    0    3   73
1854    0    3   74
1855    0    3   75
1856    0    3   76
1857    2    2   25
1858    0    2   25
1859    0    2   26
1860    0    2   27
1861    0    2   28
1862    2    0   97
1863    0    0   97
1864    0    0   98
1865    0    0   99
1866    0    0  100
1867    2    3    1
1868    0    3    1
1869    0    3    2
1870    0    3    3
1871    0    3    4
1872    2    0   25
1873    0    0   25
1874    0    0   26
1875    0    0   27
1876    0    0   28
1877    2    2   49
1878    0    2   49
1879    0    2   50
1880    0    2   51
1881    0    2   52
1882    2    0  121
1883    0    0  121
1884    0    0  122
1885    0    0  123
1886    0    0  124
1887    2    0  145
1888    0    0  145
1889    0    0  146
1890    0    0  147
1891    0    0  148
1892    2    0   49
1893    0    0   49
1894    0    0   50
1895    0    0   51
1896    0    0   52
1897    2    2   73
1898    0    2   73
1899    0    2   74
1900    0    2   75
1901    0    2   76
1902    2    0  169
1903    0    0  169
1904    0    0  170
1905    0    0  171
1906    0    0  172
1907    2    0  193
1908    0    0  193
1909    0    0  194
1910    0    0  195
1911    0    0  196
1912    2    0  217
1913    0    0  217
1914    0    0  218
1915    0    0  219
1916    0    0  220
1917    2    0   73
1918    0    0   73
1919    0    0   74
1920    0    0   75
1921    0    0   76
1922    3    1    1
1923    0    1    2
1924    0    1    3
1925    0    1    4
1926    3    3   25
1927    0    3   26
1928    0    3   27
1929    0    3   28
1930    3    3   49
1931    0    3   50
1932    0    3   51
1933    0    3   52
1934    3    3   73
1935    0    3   74
1936    0    3   75
1937    0    3   76
1938    3    2   25
1939    0    2   26
1940    0    2   27
1941    0    2   28
1942    3    0   97
1943    0    0   98
1944    0    0   99
1945    0    0  100
1946    3    3    1
1947    0    3    2
1948    0    3    3
1949    0    3    4
1950    3    0   25
1951    0    0   26
1952    0    0   27
1953    0    0   28
1954    3    2   49
1955    0    2   50
1956    0    2   51
1957    0    2   52
1958    3    0  121
1959    0    0  122
1960    0    0  123
1961    0    0  124
1962    3    0  145
1963    0    0  146
1964    0    0  147
1965    0    0  148
1966    3    0   49
1967    0    0   50
1968    0    0   51
1969    0    0   52
1970    3    2   73
1971    0    2   74
1972    0    2   75
1973    0    2   76
1974    3    0  169
1975    0    0  170
1976    0    0  171
1977    0    0  172
1978    3    0  193
1979    0    0  194
1980    0    0  195
1981    0    0  196
1982    3    0  217
1983    0    0  218
1984    0    0  219
1985    0    0  220
1986    3    0   73
1987    0    0   74
1988    0    0   75
1989    0    0   76
1990    1    2    1
1991    3    2    2
1992    3    2    3
1993    3    2    4
1994    2    2    2
1995    0    2    5
1996    3    2    1
1997    0    2    2
1998    2    2    3
1999    0    2    6
2000    0    2    7
2001    0    2    3
2002    2    2    4
2003    0    2    8
2004    0    2    9
2005    0    2   10
2006    0    2    4
2007    1    0    1
2008    3    0    2
2009    3    0    3
2010    3    0    4
2011    2    0    2
2012    0    0    5
2013    3    0    1
2014    0    0    2
2015    2    0    3
2016    0    0    6
2017    0    0    7
2018    0    0    3
2019    2    0    4
2020    0    0    8
2021    0    0    9
2022    0    0   10
2023    0    0    4
2024    1    0   25
2025    3    0   26
2026    3    0   27
2027    3    0   28
2028    2    0   26
2029    0    0   29
2030    3    0   25
2031    0    0   26
2032    2    0   27
2033    0    0   30
2034    0    0   31
2035    0    0   27
2036    2    0   28
2037    0    0   32
2038    0    0   33
2039    0    0   34
2040    0    0   28
2041    1    0   49
2042    3    0   50
2043    3    0   51
2044    3    0   52
2045    2    0   50
2046    0    0   53
2047    3    0   49
2048    0    0   50
2049    2    0   51
2050    0    0   54
2051    0    0   55
2052    0    0   51
2053    2    0   52
2054    0    0   56
2055    0    0   57
2056    0    0   58
2057    0    0   52
2058    1    0   73
2059    3    0   74
2060    3    0   75
2061    3    0   76
2062    2    0   74
2063    0    0   77
2064    3    0   73
2065    0    0   74
2066    2    0   75
2067    0    0   78
2068    0    0   79
2069    0    0   75
2070    2    0   76
2071    0    0   80
2072    0    0   81
2073    0    0   82
2074    0    0   76
