 2040
 136
 304
 457
 510
   1    1    1    2
   2    1    1    3
   3    1    1    4
   4    2    1    5
   5    2    1    6
   6    2    1    7
   7    2    1    8
   8    2    1    9
   9    2    1   10
  10    3    1    2
  11    3    1    3
  12    3    1    4
  13    3    1    5
  14    3    1    6
  15    3    1    7
  16    3    1    8
  17    3    1    9
  18    3    1   10
  19    0    1    5
  20    0    1    6
  21    0    1    7
  22    0    1    8
  23    0    1    9
  24    0    1   10
  25    0    1   11
  26    0    1   12
  27    0    1   13
  28    0    1   14
  29    0    1   15
  30    0    1   16
  31    0    1   17
  32    0    1   18
  33    0    1   19
  34    0    1   20
  25    1    0   26
  26    1    0   27
  27    1    0   28
  28    2    0   29
  29    2    0   30
  30    2    0   31
  31    2    0   32
  32    2    0   33
  33    2    0   34
  34    3    0   26
  35    3    0   27
  36    3    0   28
  37    3    0   29
  38    3    0   30
  39    3    0   31
  40    3    0   32
  41    3    0   33
  42    3    0   34
  43    0    0   29
  44    0    0   30
  45    0    0   31
  46    0    0   32
  47    0    0   33
  48    0    0   34
  49    0    0   35
  50    0    0   36
  51    0    0   37
  52    0    0   38
  53    0    0   39
  54    0    0   40
  55    0    0   41
  56    0    0   42
  57    0    0   43
  58    0    0   44
  49    1    0   50
  50    1    0   51
  51    1    0   52
  52    2    0   53
  53    2    0   54
  54    2    0   55
  55    2    0   56
  56    2    0   57
  57    2    0   58
  58    3    0   50
  59    3    0   51
  60    3    0   52
  61    3    0   53
  62    3    0   54
  63    3    0   55
  64    3    0   56
  65    3    0   57
  66    3    0   58
  67    0    0   53
  68    0    0   54
  69    0    0   55
  70    0    0   56
  71    0    0   57
  72    0    0   58
  73    0    0   59
  74    0    0   60
  75    0    0   61
  76    0    0   62
  77    0    0   63
  78    0    0   64
  79    0    0   65
  80    0    0   66
  81    0    0   67
  82    0    0   68
  73    1    0   74
  74    1    0   75
  75    1    0   76
  76    2    0   77
  77    2    0   78
  78    2    0   79
  79    2    0   80
  80    2    0   81
  81    2    0   82
  82    3    0   74
  83    3    0   75
  84    3    0   76
  85    3    0   77
  86    3    0   78
  87    3    0   79
  88    3    0   80
  89    3    0   81
  90    3    0   82
  91    0    0   77
  92    0    0   78
  93    0    0   79
  94    0    0   80
  95    0    0   81
  96    0    0   82
  97    0    0   83
  98    0    0   84
  99    0    0   85
 100    0    0   86
 101    0    0   87
 102    0    0   88
 103    0    0   89
 104    0    0   90
 105    0    0   91
 106    0    0   92
 145    1    1    1
 146    1    1    2
 147    1    1    3
 148    1    1    4
 149    2    1    2
 150    2    1    3
 151    2    1    4
 152    2    1    5
 153    2    1    6
 154    2    1    7
 155    2    1    8
 156    2    1    9
 157    2    1   10
 158    3    1    1
 159    3    1    2
 160    3    1    3
 161    3    1    4
 162    3    1    5
 163    3    1    6
 164    3    1    7
 165    3    1    8
 166    3    1    9
 167    3    1   10
 168    0    1    2
 169    0    1    3
 170    0    1    4
 171    0    1    5
 172    0    1    6
 173    0    1    7
 174    0    1    8
 175    0    1    9
 176    0    1   10
 177    0    1   11
 178    0    1   12
 179    0    1   13
 180    0    1   14
 181    0    1   15
 182    0    1   16
 183    0    1   17
 184    0    1   18
 185    0    1   19
 186    0    1   20
 169    1    0   25
 170    1    0   26
 171    1    0   27
 172    1    0   28
 173    2    0   26
 174    2    0   27
 175    2    0   28
 176    2    0   29
 177    2    0   30
 178    2    0   31
 179    2    0   32
 180    2    0   33
 181    2    0   34
 182    3    0   25
 183    3    0   26
 184    3    0   27
 185    3    0   28
 186    3    0   29
 187    3    0   30
 188    3    0   31
 189    3    0   32
 190    3    0   33
 191    3    0   34
 192    0    0   26
 193    0    0   27
 194    0    0   28
 195    0    0   29
 196    0    0   30
 197    0    0   31
 198    0    0   32
 199    0    0   33
 200    0    0   34
 201    0    0   35
 202    0    0   36
 203    0    0   37
 204    0    0   38
 205    0    0   39
 206    0    0   40
 207    0    0   41
 208    0    0   42
 209    0    0   43
 210    0    0   44
 193    1    0   49
 194    1    0   50
 195    1    0   51
 196    1    0   52
 197    2    0   50
 198    2    0   51
 199    2    0   52
 200    2    0   53
 201    2    0   54
 202    2    0   55
 203    2    0   56
 204    2    0   57
 205    2    0   58
 206    3    0   49
 207    3    0   50
 208    3    0   51
 209    3    0   52
 210    3    0   53
 211    3    0   54
 212    3    0   55
 213    3    0   56
 214    3    0   57
 215    3    0   58
 216    0    0   50
 217    0    0   51
 218    0    0   52
 219    0    0   53
 220    0    0   54
 221    0    0   55
 222    0    0   56
 223    0    0   57
 224    0    0   58
 225    0    0   59
 226    0    0   60
 227    0    0   61
 228    0    0   62
 229    0    0   63
 230    0    0   64
 231    0    0   65
 232    0    0   66
 233    0    0   67
 234    0    0   68
 217    1    0   73
 218    1    0   74
 219    1    0   75
 220    1    0   76
 221    2    0   74
 222    2    0   75
 223    2    0   76
 224    2    0   77
 225    2    0   78
 226    2    0   79
 227    2    0   80
 228    2    0   81
 229    2    0   82
 230    3    0   73
 231    3    0   74
 232    3    0   75
 233    3    0   76
 234    3    0   77
 235    3    0   78
 236    3    0   79
 237    3    0   80
 238    3    0   81
 239    3    0   82
 240    0    0   74
 241    0    0   75
 242    0    0   76
 243    0    0   77
 244    0    0   78
 245    0    0   79
 246    0    0   80
 247    0    0   81
 248    0    0   82
 249    0    0   83
 250    0    0   84
 251    0    0   85
 252    0    0   86
 253    0    0   87
 254    0    0   88
 255    0    0   89
 256    0    0   90
 257    0    0   91
 258    0    0   92
 289    1    1   25
 290    3    1   26
 291    3    1   27
 292    3    1   28
 293    2    1   26
 294    0    1   29
 295    3    1   25
 296    0    1   26
 297    2    1   27
 298    0    1   30
 299    0    1   31
 300    0    1   27
 301    2    1   28
 302    0    1   32
 303    0    1   33
 304    0    1   34
 305    0    1   28
 306    1    1   49
 307    3    1   50
 308    3    1   51
 309    3    1   52
 310    2    1   50
 311    0    1   53
 312    3    1   49
 313    0    1   50
 314    2    1   51
 315    0    1   54
 316    0    1   55
 317    0    1   51
 318    2    1   52
 319    0    1   56
 320    0    1   57
 321    0    1   58
 322    0    1   52
 323    1    1   73
 324    3    1   74
 325    3    1   75
 326    3    1   76
 327    2    1   74
 328    0    1   77
 329    3    1   73
 330    0    1   74
 331    2    1   75
 332    0    1   78
 333    0    1   79
 334    0    1   75
 335    2    1   76
 336    0    1   80
 337    0    1   81
 338    0    1   82
 339    0    1   76
 340    1    0   97
 341    3    0   98
 342    3    0   99
 343    3    0  100
 344    2    0   98
 345    0    0  101
 346    3    0   97
 347    0    0   98
 348    2    0   99
 349    0    0  102
 350    0    0  103
 351    0    0   99
 352    2    0  100
 353    0    0  104
 354    0    0  105
 355    0    0  106
 356    0    0  100
 357    1    0  121
 358    3    0  122
 359    3    0  123
 360    3    0  124
 361    2    0  122
 362    0    0  125
 363    3    0  121
 364    0    0  122
 365    2    0  123
 366    0    0  126
 367    0    0  127
 368    0    0  123
 369    2    0  124
 370    0    0  128
 371    0    0  129
 372    0    0  130
 373    0    0  124
 374    1    0  145
 375    3    0  146
 376    3    0  147
 377    3    0  148
 378    2    0  146
 379    0    0  149
 380    3    0  145
 381    0    0  146
 382    2    0  147
 383    0    0  150
 384    0    0  151
 385    0    0  147
 386    2    0  148
 387    0    0  152
 388    0    0  153
 389    0    0  154
 390    0    0  148
 391    1    0  169
 392    3    0  170
 393    3    0  171
 394    3    0  172
 395    2    0  170
 396    0    0  173
 397    3    0  169
 398    0    0  170
 399    2    0  171
 400    0    0  174
 401    0    0  175
 402    0    0  171
 403    2    0  172
 404    0    0  176
 405    0    0  177
 406    0    0  178
 407    0    0  172
 408    1    0  193
 409    3    0  194
 410    3    0  195
 411    3    0  196
 412    2    0  194
 413    0    0  197
 414    3    0  193
 415    0    0  194
 416    2    0  195
 417    0    0  198
 418    0    0  199
 419    0    0  195
 420    2    0  196
 421    0    0  200
 422    0    0  201
 423    0    0  202
 424    0    0  196
 425    1    0  217
 426    3    0  218
 427    3    0  219
 428    3    0  220
 429    2    0  218
 430    0    0  221
 431    3    0  217
 432    0    0  218
 433    2    0  219
 434    0    0  222
 435    0    0  223
 436    0    0  219
 437    2    0  220
 438    0    0  224
 439    0    0  225
 440    0    0  226
 441    0    0  220
 442    2    1    1
 443    0    1    1
 444    0    1    2
 445    0    1    3
 446    0    1    4
 447    2    0   25
 448    0    0   25
 449    0    0   26
 450    0    0   27
 451    0    0   28
 452    2    0   49
 453    0    0   49
 454    0    0   50
 455    0    0   51
 456    0    0   52
 457    2    0   73
 458    0    0   73
 459    0    0   74
 460    0    0   75
 461    0    0   76
 462    3    1    1
 463    0    1    2
 464    0    1    3
 465    0    1    4
 466    3    0   25
 467    0    0   26
 468    0    0   27
 469    0    0   28
 470    3    0   49
 471    0    0   50
 472    0    0   51
 473    0    0   52
 474    3    0   73
 475    0    0   74
 476    0    0   75
 477    0    0   76
 478    1    0    1
 479    3    0    2
 480    3    0    3
 481    3    0    4
 482    2    0    2
 483    0    0    5
 484    3    0    1
 485    0    0    2
 486    2    0    3
 487    0    0    6
 488    0    0    7
 489    0    0    3
 490    2    0    4
 491    0    0    8
 492    0    0    9
 493    0    0   10
 494    0    0    4
