         2188
          153
          374
          510
          547
   1    1    1    2
   2    1    1    3
   3    1    1    4
   4    0    1    5
   5    0    1    6
   6    0    1    7
   7    0    1    8
   8    0    1    9
   9    0    1   10
  18    1    3    2
  19    1    3    3
  20    1    3    4
  21    0    3    5
  22    0    3    6
  23    0    3    7
  24    0    3    8
  25    0    3    9
  26    0    3   10
  35    1    3   19
  36    1    3   20
  37    1    3   21
  38    0    3   22
  39    0    3   23
  40    0    3   24
  41    0    3   25
  42    0    3   26
  43    0    3   27
  52    1    3   36
  53    1    3   37
  54    1    3   38
  55    0    3   39
  56    0    3   40
  57    0    3   41
  58    0    3   42
  59    0    3   43
  60    0    3   44
  69    1    3   53
  70    1    3   54
  71    1    3   55
  72    0    3   56
  73    0    3   57
  74    0    3   58
  75    0    3   59
  76    0    3   60
  77    0    3   61
  86    1    2   19
  87    1    2   20
  88    1    2   21
  89    0    2   22
  90    0    2   23
  91    0    2   24
  92    0    2   25
  93    0    2   26
  94    0    2   27
 103    1    2   36
 104    1    2   37
 105    1    2   38
 106    0    2   39
 107    0    2   40
 108    0    2   41
 109    0    2   42
 110    0    2   43
 111    0    2   44
 120    1    2   53
 121    1    2   54
 122    1    2   55
 123    0    2   56
 124    0    2   57
 125    0    2   58
 126    0    2   59
 127    0    2   60
 128    0    2   61
 137    1    0   19
 138    1    0   20
 139    1    0   21
 140    0    0   22
 141    0    0   23
 142    0    0   24
 143    0    0   25
 144    0    0   26
 145    0    0   27
 154    1    0   36
 155    1    0   37
 156    1    0   38
 157    0    0   39
 158    0    0   40
 159    0    0   41
 160    0    0   42
 161    0    0   43
 162    0    0   44
 171    1    0   53
 172    1    0   54
 173    1    0   55
 174    0    0   56
 175    0    0   57
 176    0    0   58
 177    0    0   59
 178    0    0   60
 179    0    0   61
 188    1    0   70
 189    1    0   71
 190    1    0   72
 191    0    0   73
 192    0    0   74
 193    0    0   75
 194    0    0   76
 195    0    0   77
 196    0    0   78
 205    1    0   87
 206    1    0   88
 207    1    0   89
 208    0    0   90
 209    0    0   91
 210    0    0   92
 211    0    0   93
 212    0    0   94
 213    0    0   95
 222    1    0  104
 223    1    0  105
 224    1    0  106
 225    0    0  107
 226    0    0  108
 227    0    0  109
 228    0    0  110
 229    0    0  111
 230    0    0  112
 239    1    0  121
 240    1    0  122
 241    1    0  123
 242    0    0  124
 243    0    0  125
 244    0    0  126
 245    0    0  127
 246    0    0  128
 247    0    0  129
 256    1    0  138
 257    1    0  139
 258    1    0  140
 259    0    0  141
 260    0    0  142
 261    0    0  143
 262    0    0  144
 263    0    0  145
 264    0    0  146
 273    1    0  155
 274    1    0  156
 275    1    0  157
 276    0    0  158
 277    0    0  159
 278    0    0  160
 279    0    0  161
 280    0    0  162
 281    0    0  163
 290    1    1    1
 291    1    1    2
 292    1    1    3
 293    1    1    4
 294    0    1    2
 295    0    1    3
 296    0    1    4
 297    0    1    5
 298    0    1    6
 299    0    1    7
 300    0    1    8
 301    0    1    9
 302    0    1   10
 307    1    3    1
 308    1    3    2
 309    1    3    3
 310    1    3    4
 311    0    3    2
 312    0    3    3
 313    0    3    4
 314    0    3    5
 315    0    3    6
 316    0    3    7
 317    0    3    8
 318    0    3    9
 319    0    3   10
 324    1    3   18
 325    1    3   19
 326    1    3   20
 327    1    3   21
 328    0    3   19
 329    0    3   20
 330    0    3   21
 331    0    3   22
 332    0    3   23
 333    0    3   24
 334    0    3   25
 335    0    3   26
 336    0    3   27
 341    1    3   35
 342    1    3   36
 343    1    3   37
 344    1    3   38
 345    0    3   36
 346    0    3   37
 347    0    3   38
 348    0    3   39
 349    0    3   40
 350    0    3   41
 351    0    3   42
 352    0    3   43
 353    0    3   44
 358    1    3   52
 359    1    3   53
 360    1    3   54
 361    1    3   55
 362    0    3   53
 363    0    3   54
 364    0    3   55
 365    0    3   56
 366    0    3   57
 367    0    3   58
 368    0    3   59
 369    0    3   60
 370    0    3   61
 375    1    2   18
 376    1    2   19
 377    1    2   20
 378    1    2   21
 379    0    2   19
 380    0    2   20
 381    0    2   21
 382    0    2   22
 383    0    2   23
 384    0    2   24
 385    0    2   25
 386    0    2   26
 387    0    2   27
 392    1    2   35
 393    1    2   36
 394    1    2   37
 395    1    2   38
 396    0    2   36
 397    0    2   37
 398    0    2   38
 399    0    2   39
 400    0    2   40
 401    0    2   41
 402    0    2   42
 403    0    2   43
 404    0    2   44
 409    1    2   52
 410    1    2   53
 411    1    2   54
 412    1    2   55
 413    0    2   53
 414    0    2   54
 415    0    2   55
 416    0    2   56
 417    0    2   57
 418    0    2   58
 419    0    2   59
 420    0    2   60
 421    0    2   61
 426    1    0   18
 427    1    0   19
 428    1    0   20
 429    1    0   21
 430    0    0   19
 431    0    0   20
 432    0    0   21
 433    0    0   22
 434    0    0   23
 435    0    0   24
 436    0    0   25
 437    0    0   26
 438    0    0   27
 443    1    0   35
 444    1    0   36
 445    1    0   37
 446    1    0   38
 447    0    0   36
 448    0    0   37
 449    0    0   38
 450    0    0   39
 451    0    0   40
 452    0    0   41
 453    0    0   42
 454    0    0   43
 455    0    0   44
 460    1    0   52
 461    1    0   53
 462    1    0   54
 463    1    0   55
 464    0    0   53
 465    0    0   54
 466    0    0   55
 467    0    0   56
 468    0    0   57
 469    0    0   58
 470    0    0   59
 471    0    0   60
 472    0    0   61
 477    1    0   69
 478    1    0   70
 479    1    0   71
 480    1    0   72
 481    0    0   70
 482    0    0   71
 483    0    0   72
 484    0    0   73
 485    0    0   74
 486    0    0   75
 487    0    0   76
 488    0    0   77
 489    0    0   78
 494    1    0   86
 495    1    0   87
 496    1    0   88
 497    1    0   89
 498    0    0   87
 499    0    0   88
 500    0    0   89
 501    0    0   90
 502    0    0   91
 503    0    0   92
 504    0    0   93
 505    0    0   94
 506    0    0   95
 511    1    0  103
 512    1    0  104
 513    1    0  105
 514    1    0  106
 515    0    0  104
 516    0    0  105
 517    0    0  106
 518    0    0  107
 519    0    0  108
 520    0    0  109
 521    0    0  110
 522    0    0  111
 523    0    0  112
 528    1    0  120
 529    1    0  121
 530    1    0  122
 531    1    0  123
 532    0    0  121
 533    0    0  122
 534    0    0  123
 535    0    0  124
 536    0    0  125
 537    0    0  126
 538    0    0  127
 539    0    0  128
 540    0    0  129
 545    1    0  137
 546    1    0  138
 547    1    0  139
 548    1    0  140
 549    0    0  138
 550    0    0  139
 551    0    0  140
 552    0    0  141
 553    0    0  142
 554    0    0  143
 555    0    0  144
 556    0    0  145
 557    0    0  146
 562    1    0  154
 563    1    0  155
 564    1    0  156
 565    1    0  157
 566    0    0  155
 567    0    0  156
 568    0    0  157
 569    0    0  158
 570    0    0  159
 571    0    0  160
 572    0    0  161
 573    0    0  162
 574    0    0  163
 579    1    1   18
 580    0    1   19
 581    0    1   20
 582    0    1   21
 583    1    1   35
 584    0    1   36
 585    0    1   37
 586    0    1   38
 587    1    1   52
 588    0    1   53
 589    0    1   54
 590    0    1   55
 591    1    2   69
 592    0    2   70
 593    0    2   71
 594    0    2   72
 595    1    2   86
 596    0    2   87
 597    0    2   88
 598    0    2   89
 599    1    2  103
 600    0    2  104
 601    0    2  105
 602    0    2  106
 603    1    2  120
 604    0    2  121
 605    0    2  122
 606    0    2  123
 607    1    2  137
 608    0    2  138
 609    0    2  139
 610    0    2  140
 611    1    2  154
 612    0    2  155
 613    0    2  156
 614    0    2  157
 615    1    3   18
 616    0    3   19
 617    0    3   20
 618    0    3   21
 619    1    3   35
 620    0    3   36
 621    0    3   37
 622    0    3   38
 623    1    3   52
 624    0    3   53
 625    0    3   54
 626    0    3   55
 627    1    3   69
 628    0    3   70
 629    0    3   71
 630    0    3   72
 631    1    3   86
 632    0    3   87
 633    0    3   88
 634    0    3   89
 635    1    3  103
 636    0    3  104
 637    0    3  105
 638    0    3  106
 639    1    3  120
 640    0    3  121
 641    0    3  122
 642    0    3  123
 643    1    3  137
 644    0    3  138
 645    0    3  139
 646    0    3  140
 647    1    3  154
 648    0    3  155
 649    0    3  156
 650    0    3  157
 651    1    0   69
 652    0    0   70
 653    0    0   71
 654    0    0   72
 655    1    0   86
 656    0    0   87
 657    0    0   88
 658    0    0   89
 659    1    0  103
 660    0    0  104
 661    0    0  105
 662    0    0  106
 663    1    0  120
 664    0    0  121
 665    0    0  122
 666    0    0  123
 667    1    0  137
 668    0    0  138
 669    0    0  139
 670    0    0  140
 671    1    0  154
 672    0    0  155
 673    0    0  156
 674    0    0  157
 675    1    0  171
 676    0    0  172
 677    0    0  173
 678    0    0  174
 679    1    0  188
 680    0    0  189
 681    0    0  190
 682    0    0  191
 683    1    0  205
 684    0    0  206
 685    0    0  207
 686    0    0  208
 687    1    0  222
 688    0    0  223
 689    0    0  224
 690    0    0  225
 691    1    0  239
 692    0    0  240
 693    0    0  241
 694    0    0  242
 695    1    0  256
 696    0    0  257
 697    0    0  258
 698    0    0  259
 699    1    0  273
 700    0    0  274
 701    0    0  275
 702    0    0  276
 703    1    0  290
 704    0    0  291
 705    0    0  292
 706    0    0  293
 707    1    0  307
 708    0    0  308
 709    0    0  309
 710    0    0  310
 711    1    0  324
 712    0    0  325
 713    0    0  326
 714    0    0  327
 723    0    1    1
 724    0    3    1
 725    0    3   18
 726    0    3   35
 727    0    3   52
 728    0    2   18
 729    0    2   35
 730    0    2   52
 731    0    0   18
 732    0    0   35
 733    0    0   52
 734    0    0   69
 735    0    0   86
 736    0    0  103
 737    0    0  120
 738    0    0  137
 739    0    0  154
 740    1    2    1
 741    0    2    2
 742    0    2    3
 743    0    2    4
 744    1    0    1
 745    0    0    2
 746    0    0    3
 747    0    0    4
 748    1    0   18
 749    0    0   19
 750    0    0   20
 751    0    0   21
 752    1    0   35
 753    0    0   36
 754    0    0   37
 755    0    0   38
 756    1    0   52
 757    0    0   53
 758    0    0   54
 759    0    0   55
