 528
 36
 88
 124
 132
   1    1    1    2
   2    1    1    3
   3    1    1    4
   4    0    1    5
   5    0    1    6
   6    0    1    7
   7    0    1    8
   8    0    1    9
   9    0    1   10
  18    1    0   19
  19    1    0   20
  20    1    0   21
  21    0    0   22
  22    0    0   23
  23    0    0   24
  24    0    0   25
  25    0    0   26
  26    0    0   27
  35    1    0   36
  36    1    0   37
  37    1    0   38
  38    0    0   39
  39    0    0   40
  40    0    0   41
  41    0    0   42
  42    0    0   43
  43    0    0   44
  52    1    0   53
  53    1    0   54
  54    1    0   55
  55    0    0   56
  56    0    0   57
  57    0    0   58
  58    0    0   59
  59    0    0   60
  60    0    0   61
  69    1    1    1
  70    1    1    2
  71    1    1    3
  72    1    1    4
  73    0    1    2
  74    0    1    3
  75    0    1    4
  76    0    1    5
  77    0    1    6
  78    0    1    7
  79    0    1    8
  80    0    1    9
  81    0    1   10
  86    1    0   18
  87    1    0   19
  88    1    0   20
  89    1    0   21
  90    0    0   19
  91    0    0   20
  92    0    0   21
  93    0    0   22
  94    0    0   23
  95    0    0   24
  96    0    0   25
  97    0    0   26
  98    0    0   27
 103    1    0   35
 104    1    0   36
 105    1    0   37
 106    1    0   38
 107    0    0   36
 108    0    0   37
 109    0    0   38
 110    0    0   39
 111    0    0   40
 112    0    0   41
 113    0    0   42
 114    0    0   43
 115    0    0   44
 120    1    0   52
 121    1    0   53
 122    1    0   54
 123    1    0   55
 124    0    0   53
 125    0    0   54
 126    0    0   55
 127    0    0   56
 128    0    0   57
 129    0    0   58
 130    0    0   59
 131    0    0   60
 132    0    0   61
 137    1    1   18
 138    0    1   19
 139    0    1   20
 140    0    1   21
 141    1    1   35
 142    0    1   36
 143    0    1   37
 144    0    1   38
 145    1    1   52
 146    0    1   53
 147    0    1   54
 148    0    1   55
 149    1    0   69
 150    0    0   70
 151    0    0   71
 152    0    0   72
 153    1    0   86
 154    0    0   87
 155    0    0   88
 156    0    0   89
 157    1    0  103
 158    0    0  104
 159    0    0  105
 160    0    0  106
 161    1    0  120
 162    0    0  121
 163    0    0  122
 164    0    0  123
 165    1    0  137
 166    0    0  138
 167    0    0  139
 168    0    0  140
 169    1    0  154
 170    0    0  155
 171    0    0  156
 172    0    0  157
 173    0    1    1
 174    0    0   18
 175    0    0   35
 176    0    0   52
 177    1    0    1
 178    0    0    2
 179    0    0    3
 180    0    0    4
