36
   1    1    0    0
   2    5    0    0
   3    9    0    0
   4   13    0    0
   5    2    0    0
   6    6    0    0
   7   10    0    0
   8   14    0    0
   9    3    0    0
  10    7    0    0
  11   11    0    0
  12   15    0    0
  13   17    0    0
  14   21    0    0
  15   25    0    0
  16   29    0    0
  17   18    0    0
  18   22    0    0
  19   26    0    0
  20   30    0    0
  21   19    0    0
  22   23    0    0
  23   27    0    0
  24   31    0    0
  25   33    0    0
  26   36   42    1
  27   37    0    0
  28   39    0    0
  29   34    0    0
  30   37    0    0
  31   38   42    1
  32   40    0    0
  33   35    0    0
  34   39    0    0
  35   40    0    0
  36   41   42    1
