144
   1    1    0    0
   2    5    0    0
   3    9    0    0
   4   13    0    0
   5   17    0    0
   6   21    0    0
   7   25    0    0
   8   29    0    0
   9   33    0    0
  10   37    0    0
  11   41    0    0
  12   45    0    0
  13   49    0    0
  14   53    0    0
  15   57    0    0
  16   61    0    0
  17    2    0    0
  18    6    0    0
  19   10    0    0
  20   14    0    0
  21   18    0    0
  22   22    0    0
  23   26    0    0
  24   30    0    0
  25   34    0    0
  26   38    0    0
  27   42    0    0
  28   46    0    0
  29   50    0    0
  30   54    0    0
  31   58    0    0
  32   62    0    0
  33    3    0    0
  34    7    0    0
  35   11    0    0
  36   15    0    0
  37   19    0    0
  38   23    0    0
  39   27    0    0
  40   31    0    0
  41   35    0    0
  42   39    0    0
  43   43    0    0
  44   47    0    0
  45   51    0    0
  46   55    0    0
  47   59    0    0
  48   63    0    0
  49   65    0    0
  50   69    0    0
  51   73    0    0
  52   77    0    0
  53   81    0    0
  54   85    0    0
  55   89    0    0
  56   93    0    0
  57   97    0    0
  58  101    0    0
  59  105    0    0
  60  109    0    0
  61  113    0    0
  62  117    0    0
  63  121    0    0
  64  125    0    0
  65   66    0    0
  66   70    0    0
  67   74    0    0
  68   78    0    0
  69   82    0    0
  70   86    0    0
  71   90    0    0
  72   94    0    0
  73   98    0    0
  74  102    0    0
  75  106    0    0
  76  110    0    0
  77  114    0    0
  78  118    0    0
  79  122    0    0
  80  126    0    0
  81   67    0    0
  82   71    0    0
  83   75    0    0
  84   79    0    0
  85   83    0    0
  86   87    0    0
  87   91    0    0
  88   95    0    0
  89   99    0    0
  90  103    0    0
  91  107    0    0
  92  111    0    0
  93  115    0    0
  94  119    0    0
  95  123    0    0
  96  127    0    0
  97  129    0    0
  98  130    0    0
  99  131    0    0
 100  132    0    0
 101  141  173    1
 102  142  174    1
 103  143  175    1
 104  144  176    1
 105  145    0    0
 106  146    0    0
 107  147    0    0
 108  148    0    0
 109  153    0    0
 110  154    0    0
 111  155    0    0
 112  156    0    0
 113  133    0    0
 114  134    0    0
 115  135    0    0
 116  136    0    0
 117  145    0    0
 118  146    0    0
 119  147    0    0
 120  148    0    0
 121  149  173    1
 122  150  174    1
 123  151  175    1
 124  152  176    1
 125  157    0    0
 126  158    0    0
 127  159    0    0
 128  160    0    0
 129  137    0    0
 130  138    0    0
 131  139    0    0
 132  140    0    0
 133  153    0    0
 134  154    0    0
 135  155    0    0
 136  156    0    0
 137  157    0    0
 138  158    0    0
 139  159    0    0
 140  160    0    0
 141  161  173    1
 142  162  174    1
 143  163  175    1
 144  164  176    1
