2304
   1    1    0    0
   2    2    0    0
   3    3    0    0
   4    4    0    0
   5   13 1837    1
   6   14 1838    1
   7   15 1839    1
   8   16 1840    1
   9   17    0    0
  10   18    0    0
  11   19    0    0
  12   20    0    0
  13   25    0    0
  14   26    0    0
  15   27    0    0
  16   28    0    0
  17   37    0    0
  18   38    0    0
  19   39    0    0
  20   40    0    0
  21   49 1841    1
  22   50 1842    1
  23   51 1843    1
  24   52 1844    1
  25   53    0    0
  26   54    0    0
  27   55    0    0
  28   56    0    0
  29   61    0    0
  30   62    0    0
  31   63    0    0
  32   64    0    0
  33   73    0    0
  34   74    0    0
  35   75    0    0
  36   76    0    0
  37   85 1845    1
  38   86 1846    1
  39   87 1847    1
  40   88 1848    1
  41   89    0    0
  42   90    0    0
  43   91    0    0
  44   92    0    0
  45   97    0    0
  46   98    0    0
  47   99    0    0
  48  100    0    0
  49  109    0    0
  50  110    0    0
  51  111    0    0
  52  112    0    0
  53  121 1849    1
  54  122 1850    1
  55  123 1851    1
  56  124 1852    1
  57  125    0    0
  58  126    0    0
  59  127    0    0
  60  128    0    0
  61  133    0    0
  62  134    0    0
  63  135    0    0
  64  136    0    0
  65  145    0    0
  66  146    0    0
  67  147    0    0
  68  148    0    0
  69  157 1853    1
  70  158 1854    1
  71  159 1855    1
  72  160 1856    1
  73  161    0    0
  74  162    0    0
  75  163    0    0
  76  164    0    0
  77  169    0    0
  78  170    0    0
  79  171    0    0
  80  172    0    0
  81  181    0    0
  82  182    0    0
  83  183    0    0
  84  184    0    0
  85  193 1857    1
  86  194 1858    1
  87  195 1859    1
  88  196 1860    1
  89  197    0    0
  90  198    0    0
  91  199    0    0
  92  200    0    0
  93  205    0    0
  94  206    0    0
  95  207    0    0
  96  208    0    0
  97  217    0    0
  98  218    0    0
  99  219    0    0
 100  220    0    0
 101  229 1861    1
 102  230 1862    1
 103  231 1863    1
 104  232 1864    1
 105  233    0    0
 106  234    0    0
 107  235    0    0
 108  236    0    0
 109  241    0    0
 110  242    0    0
 111  243    0    0
 112  244    0    0
 113  253    0    0
 114  254    0    0
 115  255    0    0
 116  256    0    0
 117  265 1865    1
 118  266 1866    1
 119  267 1867    1
 120  268 1868    1
 121  269    0    0
 122  270    0    0
 123  271    0    0
 124  272    0    0
 125  277    0    0
 126  278    0    0
 127  279    0    0
 128  280    0    0
 129  289    0    0
 130  290    0    0
 131  291    0    0
 132  292    0    0
 133  301 1869    1
 134  302 1870    1
 135  303 1871    1
 136  304 1872    1
 137  305    0    0
 138  306    0    0
 139  307    0    0
 140  308    0    0
 141  313    0    0
 142  314    0    0
 143  315    0    0
 144  316    0    0
 145  325    0    0
 146  326    0    0
 147  327    0    0
 148  328    0    0
 149  337 1873    1
 150  338 1874    1
 151  339 1875    1
 152  340 1876    1
 153  341    0    0
 154  342    0    0
 155  343    0    0
 156  344    0    0
 157  349    0    0
 158  350    0    0
 159  351    0    0
 160  352    0    0
 161  361    0    0
 162  362    0    0
 163  363    0    0
 164  364    0    0
 165  373 1877    1
 166  374 1878    1
 167  375 1879    1
 168  376 1880    1
 169  377    0    0
 170  378    0    0
 171  379    0    0
 172  380    0    0
 173  385    0    0
 174  386    0    0
 175  387    0    0
 176  388    0    0
 177  397    0    0
 178  398    0    0
 179  399    0    0
 180  400    0    0
 181  409 1881    1
 182  410 1882    1
 183  411 1883    1
 184  412 1884    1
 185  413    0    0
 186  414    0    0
 187  415    0    0
 188  416    0    0
 189  421    0    0
 190  422    0    0
 191  423    0    0
 192  424    0    0
 193  433    0    0
 194  434    0    0
 195  435    0    0
 196  436    0    0
 197  445 1885    1
 198  446 1886    1
 199  447 1887    1
 200  448 1888    1
 201  449    0    0
 202  450    0    0
 203  451    0    0
 204  452    0    0
 205  457    0    0
 206  458    0    0
 207  459    0    0
 208  460    0    0
 209  469    0    0
 210  470    0    0
 211  471    0    0
 212  472    0    0
 213  481 1889    1
 214  482 1890    1
 215  483 1891    1
 216  484 1892    1
 217  485    0    0
 218  486    0    0
 219  487    0    0
 220  488    0    0
 221  493    0    0
 222  494    0    0
 223  495    0    0
 224  496    0    0
 225  505    0    0
 226  506    0    0
 227  507    0    0
 228  508    0    0
 229  517 1893    1
 230  518 1894    1
 231  519 1895    1
 232  520 1896    1
 233  521    0    0
 234  522    0    0
 235  523    0    0
 236  524    0    0
 237  529    0    0
 238  530    0    0
 239  531    0    0
 240  532    0    0
 241  541    0    0
 242  542    0    0
 243  543    0    0
 244  544    0    0
 245  553 1897    1
 246  554 1898    1
 247  555 1899    1
 248  556 1900    1
 249  557    0    0
 250  558    0    0
 251  559    0    0
 252  560    0    0
 253  565    0    0
 254  566    0    0
 255  567    0    0
 256  568    0    0
 257    5    0    0
 258    6    0    0
 259    7    0    0
 260    8    0    0
 261   17    0    0
 262   18    0    0
 263   19    0    0
 264   20    0    0
 265   21 1837    1
 266   22 1838    1
 267   23 1839    1
 268   24 1840    1
 269   29    0    0
 270   30    0    0
 271   31    0    0
 272   32    0    0
 273   41    0    0
 274   42    0    0
 275   43    0    0
 276   44    0    0
 277   53    0    0
 278   54    0    0
 279   55    0    0
 280   56    0    0
 281   57 1841    1
 282   58 1842    1
 283   59 1843    1
 284   60 1844    1
 285   65    0    0
 286   66    0    0
 287   67    0    0
 288   68    0    0
 289   77    0    0
 290   78    0    0
 291   79    0    0
 292   80    0    0
 293   89    0    0
 294   90    0    0
 295   91    0    0
 296   92    0    0
 297   93 1845    1
 298   94 1846    1
 299   95 1847    1
 300   96 1848    1
 301  101    0    0
 302  102    0    0
 303  103    0    0
 304  104    0    0
 305  113    0    0
 306  114    0    0
 307  115    0    0
 308  116    0    0
 309  125    0    0
 310  126    0    0
 311  127    0    0
 312  128    0    0
 313  129 1849    1
 314  130 1850    1
 315  131 1851    1
 316  132 1852    1
 317  137    0    0
 318  138    0    0
 319  139    0    0
 320  140    0    0
 321  149    0    0
 322  150    0    0
 323  151    0    0
 324  152    0    0
 325  161    0    0
 326  162    0    0
 327  163    0    0
 328  164    0    0
 329  165 1853    1
 330  166 1854    1
 331  167 1855    1
 332  168 1856    1
 333  173    0    0
 334  174    0    0
 335  175    0    0
 336  176    0    0
 337  185    0    0
 338  186    0    0
 339  187    0    0
 340  188    0    0
 341  197    0    0
 342  198    0    0
 343  199    0    0
 344  200    0    0
 345  201 1857    1
 346  202 1858    1
 347  203 1859    1
 348  204 1860    1
 349  209    0    0
 350  210    0    0
 351  211    0    0
 352  212    0    0
 353  221    0    0
 354  222    0    0
 355  223    0    0
 356  224    0    0
 357  233    0    0
 358  234    0    0
 359  235    0    0
 360  236    0    0
 361  237 1861    1
 362  238 1862    1
 363  239 1863    1
 364  240 1864    1
 365  245    0    0
 366  246    0    0
 367  247    0    0
 368  248    0    0
 369  257    0    0
 370  258    0    0
 371  259    0    0
 372  260    0    0
 373  269    0    0
 374  270    0    0
 375  271    0    0
 376  272    0    0
 377  273 1865    1
 378  274 1866    1
 379  275 1867    1
 380  276 1868    1
 381  281    0    0
 382  282    0    0
 383  283    0    0
 384  284    0    0
 385  293    0    0
 386  294    0    0
 387  295    0    0
 388  296    0    0
 389  305    0    0
 390  306    0    0
 391  307    0    0
 392  308    0    0
 393  309 1869    1
 394  310 1870    1
 395  311 1871    1
 396  312 1872    1
 397  317    0    0
 398  318    0    0
 399  319    0    0
 400  320    0    0
 401  329    0    0
 402  330    0    0
 403  331    0    0
 404  332    0    0
 405  341    0    0
 406  342    0    0
 407  343    0    0
 408  344    0    0
 409  345 1873    1
 410  346 1874    1
 411  347 1875    1
 412  348 1876    1
 413  353    0    0
 414  354    0    0
 415  355    0    0
 416  356    0    0
 417  365    0    0
 418  366    0    0
 419  367    0    0
 420  368    0    0
 421  377    0    0
 422  378    0    0
 423  379    0    0
 424  380    0    0
 425  381 1877    1
 426  382 1878    1
 427  383 1879    1
 428  384 1880    1
 429  389    0    0
 430  390    0    0
 431  391    0    0
 432  392    0    0
 433  401    0    0
 434  402    0    0
 435  403    0    0
 436  404    0    0
 437  413    0    0
 438  414    0    0
 439  415    0    0
 440  416    0    0
 441  417 1881    1
 442  418 1882    1
 443  419 1883    1
 444  420 1884    1
 445  425    0    0
 446  426    0    0
 447  427    0    0
 448  428    0    0
 449  437    0    0
 450  438    0    0
 451  439    0    0
 452  440    0    0
 453  449    0    0
 454  450    0    0
 455  451    0    0
 456  452    0    0
 457  453 1885    1
 458  454 1886    1
 459  455 1887    1
 460  456 1888    1
 461  461    0    0
 462  462    0    0
 463  463    0    0
 464  464    0    0
 465  473    0    0
 466  474    0    0
 467  475    0    0
 468  476    0    0
 469  485    0    0
 470  486    0    0
 471  487    0    0
 472  488    0    0
 473  489 1889    1
 474  490 1890    1
 475  491 1891    1
 476  492 1892    1
 477  497    0    0
 478  498    0    0
 479  499    0    0
 480  500    0    0
 481  509    0    0
 482  510    0    0
 483  511    0    0
 484  512    0    0
 485  521    0    0
 486  522    0    0
 487  523    0    0
 488  524    0    0
 489  525 1893    1
 490  526 1894    1
 491  527 1895    1
 492  528 1896    1
 493  533    0    0
 494  534    0    0
 495  535    0    0
 496  536    0    0
 497  545    0    0
 498  546    0    0
 499  547    0    0
 500  548    0    0
 501  557    0    0
 502  558    0    0
 503  559    0    0
 504  560    0    0
 505  561 1897    1
 506  562 1898    1
 507  563 1899    1
 508  564 1900    1
 509  569    0    0
 510  570    0    0
 511  571    0    0
 512  572    0    0
 513    9    0    0
 514   10    0    0
 515   11    0    0
 516   12    0    0
 517   25    0    0
 518   26    0    0
 519   27    0    0
 520   28    0    0
 521   29    0    0
 522   30    0    0
 523   31    0    0
 524   32    0    0
 525   33 1837    1
 526   34 1838    1
 527   35 1839    1
 528   36 1840    1
 529   45    0    0
 530   46    0    0
 531   47    0    0
 532   48    0    0
 533   61    0    0
 534   62    0    0
 535   63    0    0
 536   64    0    0
 537   65    0    0
 538   66    0    0
 539   67    0    0
 540   68    0    0
 541   69 1841    1
 542   70 1842    1
 543   71 1843    1
 544   72 1844    1
 545   81    0    0
 546   82    0    0
 547   83    0    0
 548   84    0    0
 549   97    0    0
 550   98    0    0
 551   99    0    0
 552  100    0    0
 553  101    0    0
 554  102    0    0
 555  103    0    0
 556  104    0    0
 557  105 1845    1
 558  106 1846    1
 559  107 1847    1
 560  108 1848    1
 561  117    0    0
 562  118    0    0
 563  119    0    0
 564  120    0    0
 565  133    0    0
 566  134    0    0
 567  135    0    0
 568  136    0    0
 569  137    0    0
 570  138    0    0
 571  139    0    0
 572  140    0    0
 573  141 1849    1
 574  142 1850    1
 575  143 1851    1
 576  144 1852    1
 577  153    0    0
 578  154    0    0
 579  155    0    0
 580  156    0    0
 581  169    0    0
 582  170    0    0
 583  171    0    0
 584  172    0    0
 585  173    0    0
 586  174    0    0
 587  175    0    0
 588  176    0    0
 589  177 1853    1
 590  178 1854    1
 591  179 1855    1
 592  180 1856    1
 593  189    0    0
 594  190    0    0
 595  191    0    0
 596  192    0    0
 597  205    0    0
 598  206    0    0
 599  207    0    0
 600  208    0    0
 601  209    0    0
 602  210    0    0
 603  211    0    0
 604  212    0    0
 605  213 1857    1
 606  214 1858    1
 607  215 1859    1
 608  216 1860    1
 609  225    0    0
 610  226    0    0
 611  227    0    0
 612  228    0    0
 613  241    0    0
 614  242    0    0
 615  243    0    0
 616  244    0    0
 617  245    0    0
 618  246    0    0
 619  247    0    0
 620  248    0    0
 621  249 1861    1
 622  250 1862    1
 623  251 1863    1
 624  252 1864    1
 625  261    0    0
 626  262    0    0
 627  263    0    0
 628  264    0    0
 629  277    0    0
 630  278    0    0
 631  279    0    0
 632  280    0    0
 633  281    0    0
 634  282    0    0
 635  283    0    0
 636  284    0    0
 637  285 1865    1
 638  286 1866    1
 639  287 1867    1
 640  288 1868    1
 641  297    0    0
 642  298    0    0
 643  299    0    0
 644  300    0    0
 645  313    0    0
 646  314    0    0
 647  315    0    0
 648  316    0    0
 649  317    0    0
 650  318    0    0
 651  319    0    0
 652  320    0    0
 653  321 1869    1
 654  322 1870    1
 655  323 1871    1
 656  324 1872    1
 657  333    0    0
 658  334    0    0
 659  335    0    0
 660  336    0    0
 661  349    0    0
 662  350    0    0
 663  351    0    0
 664  352    0    0
 665  353    0    0
 666  354    0    0
 667  355    0    0
 668  356    0    0
 669  357 1873    1
 670  358 1874    1
 671  359 1875    1
 672  360 1876    1
 673  369    0    0
 674  370    0    0
 675  371    0    0
 676  372    0    0
 677  385    0    0
 678  386    0    0
 679  387    0    0
 680  388    0    0
 681  389    0    0
 682  390    0    0
 683  391    0    0
 684  392    0    0
 685  393 1877    1
 686  394 1878    1
 687  395 1879    1
 688  396 1880    1
 689  405    0    0
 690  406    0    0
 691  407    0    0
 692  408    0    0
 693  421    0    0
 694  422    0    0
 695  423    0    0
 696  424    0    0
 697  425    0    0
 698  426    0    0
 699  427    0    0
 700  428    0    0
 701  429 1881    1
 702  430 1882    1
 703  431 1883    1
 704  432 1884    1
 705  441    0    0
 706  442    0    0
 707  443    0    0
 708  444    0    0
 709  457    0    0
 710  458    0    0
 711  459    0    0
 712  460    0    0
 713  461    0    0
 714  462    0    0
 715  463    0    0
 716  464    0    0
 717  465 1885    1
 718  466 1886    1
 719  467 1887    1
 720  468 1888    1
 721  477    0    0
 722  478    0    0
 723  479    0    0
 724  480    0    0
 725  493    0    0
 726  494    0    0
 727  495    0    0
 728  496    0    0
 729  497    0    0
 730  498    0    0
 731  499    0    0
 732  500    0    0
 733  501 1889    1
 734  502 1890    1
 735  503 1891    1
 736  504 1892    1
 737  513    0    0
 738  514    0    0
 739  515    0    0
 740  516    0    0
 741  529    0    0
 742  530    0    0
 743  531    0    0
 744  532    0    0
 745  533    0    0
 746  534    0    0
 747  535    0    0
 748  536    0    0
 749  537 1893    1
 750  538 1894    1
 751  539 1895    1
 752  540 1896    1
 753  549    0    0
 754  550    0    0
 755  551    0    0
 756  552    0    0
 757  565    0    0
 758  566    0    0
 759  567    0    0
 760  568    0    0
 761  569    0    0
 762  570    0    0
 763  571    0    0
 764  572    0    0
 765  573 1897    1
 766  574 1898    1
 767  575 1899    1
 768  576 1900    1
 769  577    0    0
 770  580 1922    1
 771  581    0    0
 772  583    0    0
 773  586    0    0
 774  589 1923    1
 775  590    0    0
 776  592    0    0
 777  595    0    0
 778  598 1924    1
 779  599    0    0
 780  601    0    0
 781  604    0    0
 782  607 1925    1
 783  608    0    0
 784  610    0    0
 785  613    0    0
 786  616 1926    1
 787  617    0    0
 788  619    0    0
 789  622    0    0
 790  625 1927    1
 791  626    0    0
 792  628    0    0
 793  631    0    0
 794  634 1928    1
 795  635    0    0
 796  637    0    0
 797  640    0    0
 798  643 1929    1
 799  644    0    0
 800  646    0    0
 801  649    0    0
 802  652 1930    1
 803  653    0    0
 804  655    0    0
 805  658    0    0
 806  661 1931    1
 807  662    0    0
 808  664    0    0
 809  667    0    0
 810  670 1932    1
 811  671    0    0
 812  673    0    0
 813  676    0    0
 814  679 1933    1
 815  680    0    0
 816  682    0    0
 817  685    0    0
 818  688 1934    1
 819  689    0    0
 820  691    0    0
 821  694    0    0
 822  697 1935    1
 823  698    0    0
 824  700    0    0
 825  703    0    0
 826  706 1936    1
 827  707    0    0
 828  709    0    0
 829  712    0    0
 830  715 1937    1
 831  716    0    0
 832  718    0    0
 833  721    0    0
 834  724 1938    1
 835  725    0    0
 836  727    0    0
 837  730    0    0
 838  733 1939    1
 839  734    0    0
 840  736    0    0
 841  739    0    0
 842  742 1940    1
 843  743    0    0
 844  745    0    0
 845  748    0    0
 846  751 1941    1
 847  752    0    0
 848  754    0    0
 849  757    0    0
 850  760 1942    1
 851  761    0    0
 852  763    0    0
 853  766    0    0
 854  769 1943    1
 855  770    0    0
 856  772    0    0
 857  775    0    0
 858  778 1944    1
 859  779    0    0
 860  781    0    0
 861  784    0    0
 862  787 1945    1
 863  788    0    0
 864  790    0    0
 865  793    0    0
 866  796 1946    1
 867  797    0    0
 868  799    0    0
 869  802    0    0
 870  805 1947    1
 871  806    0    0
 872  808    0    0
 873  811    0    0
 874  814 1948    1
 875  815    0    0
 876  817    0    0
 877  820    0    0
 878  823 1949    1
 879  824    0    0
 880  826    0    0
 881  829    0    0
 882  832 1950    1
 883  833    0    0
 884  835    0    0
 885  838    0    0
 886  841 1951    1
 887  842    0    0
 888  844    0    0
 889  847    0    0
 890  850 1952    1
 891  851    0    0
 892  853    0    0
 893  856    0    0
 894  859 1953    1
 895  860    0    0
 896  862    0    0
 897  865    0    0
 898  868 1954    1
 899  869    0    0
 900  871    0    0
 901  874    0    0
 902  877 1955    1
 903  878    0    0
 904  880    0    0
 905  883    0    0
 906  886 1956    1
 907  887    0    0
 908  889    0    0
 909  892    0    0
 910  895 1957    1
 911  896    0    0
 912  898    0    0
 913  901    0    0
 914  904 1958    1
 915  905    0    0
 916  907    0    0
 917  910    0    0
 918  913 1959    1
 919  914    0    0
 920  916    0    0
 921  919    0    0
 922  922 1960    1
 923  923    0    0
 924  925    0    0
 925  928    0    0
 926  931 1961    1
 927  932    0    0
 928  934    0    0
 929  937    0    0
 930  940 1962    1
 931  941    0    0
 932  943    0    0
 933  946    0    0
 934  949 1963    1
 935  950    0    0
 936  952    0    0
 937  955    0    0
 938  958 1964    1
 939  959    0    0
 940  961    0    0
 941  964    0    0
 942  967 1965    1
 943  968    0    0
 944  970    0    0
 945  973    0    0
 946  976 1966    1
 947  977    0    0
 948  979    0    0
 949  982    0    0
 950  985 1967    1
 951  986    0    0
 952  988    0    0
 953  991    0    0
 954  994 1968    1
 955  995    0    0
 956  997    0    0
 957 1000    0    0
 958 1003 1969    1
 959 1004    0    0
 960 1006    0    0
 961 1009    0    0
 962 1012 1970    1
 963 1013    0    0
 964 1015    0    0
 965 1018    0    0
 966 1021 1971    1
 967 1022    0    0
 968 1024    0    0
 969 1027    0    0
 970 1030 1972    1
 971 1031    0    0
 972 1033    0    0
 973 1036    0    0
 974 1039 1973    1
 975 1040    0    0
 976 1042    0    0
 977 1045    0    0
 978 1048 1974    1
 979 1049    0    0
 980 1051    0    0
 981 1054    0    0
 982 1057 1975    1
 983 1058    0    0
 984 1060    0    0
 985 1063    0    0
 986 1066 1976    1
 987 1067    0    0
 988 1069    0    0
 989 1072    0    0
 990 1075 1977    1
 991 1076    0    0
 992 1078    0    0
 993 1081    0    0
 994 1084 1978    1
 995 1085    0    0
 996 1087    0    0
 997 1090    0    0
 998 1093 1979    1
 999 1094    0    0
1000 1096    0    0
1001 1099    0    0
1002 1102 1980    1
1003 1103    0    0
1004 1105    0    0
1005 1108    0    0
1006 1111 1981    1
1007 1112    0    0
1008 1114    0    0
1009 1117    0    0
1010 1120 1982    1
1011 1121    0    0
1012 1123    0    0
1013 1126    0    0
1014 1129 1983    1
1015 1130    0    0
1016 1132    0    0
1017 1135    0    0
1018 1138 1984    1
1019 1139    0    0
1020 1141    0    0
1021 1144    0    0
1022 1147 1985    1
1023 1148    0    0
1024 1150    0    0
1025  578    0    0
1026  581    0    0
1027  582 1922    1
1028  584    0    0
1029  587    0    0
1030  590    0    0
1031  591 1923    1
1032  593    0    0
1033  596    0    0
1034  599    0    0
1035  600 1924    1
1036  602    0    0
1037  605    0    0
1038  608    0    0
1039  609 1925    1
1040  611    0    0
1041  614    0    0
1042  617    0    0
1043  618 1926    1
1044  620    0    0
1045  623    0    0
1046  626    0    0
1047  627 1927    1
1048  629    0    0
1049  632    0    0
1050  635    0    0
1051  636 1928    1
1052  638    0    0
1053  641    0    0
1054  644    0    0
1055  645 1929    1
1056  647    0    0
1057  650    0    0
1058  653    0    0
1059  654 1930    1
1060  656    0    0
1061  659    0    0
1062  662    0    0
1063  663 1931    1
1064  665    0    0
1065  668    0    0
1066  671    0    0
1067  672 1932    1
1068  674    0    0
1069  677    0    0
1070  680    0    0
1071  681 1933    1
1072  683    0    0
1073  686    0    0
1074  689    0    0
1075  690 1934    1
1076  692    0    0
1077  695    0    0
1078  698    0    0
1079  699 1935    1
1080  701    0    0
1081  704    0    0
1082  707    0    0
1083  708 1936    1
1084  710    0    0
1085  713    0    0
1086  716    0    0
1087  717 1937    1
1088  719    0    0
1089  722    0    0
1090  725    0    0
1091  726 1938    1
1092  728    0    0
1093  731    0    0
1094  734    0    0
1095  735 1939    1
1096  737    0    0
1097  740    0    0
1098  743    0    0
1099  744 1940    1
1100  746    0    0
1101  749    0    0
1102  752    0    0
1103  753 1941    1
1104  755    0    0
1105  758    0    0
1106  761    0    0
1107  762 1942    1
1108  764    0    0
1109  767    0    0
1110  770    0    0
1111  771 1943    1
1112  773    0    0
1113  776    0    0
1114  779    0    0
1115  780 1944    1
1116  782    0    0
1117  785    0    0
1118  788    0    0
1119  789 1945    1
1120  791    0    0
1121  794    0    0
1122  797    0    0
1123  798 1946    1
1124  800    0    0
1125  803    0    0
1126  806    0    0
1127  807 1947    1
1128  809    0    0
1129  812    0    0
1130  815    0    0
1131  816 1948    1
1132  818    0    0
1133  821    0    0
1134  824    0    0
1135  825 1949    1
1136  827    0    0
1137  830    0    0
1138  833    0    0
1139  834 1950    1
1140  836    0    0
1141  839    0    0
1142  842    0    0
1143  843 1951    1
1144  845    0    0
1145  848    0    0
1146  851    0    0
1147  852 1952    1
1148  854    0    0
1149  857    0    0
1150  860    0    0
1151  861 1953    1
1152  863    0    0
1153  866    0    0
1154  869    0    0
1155  870 1954    1
1156  872    0    0
1157  875    0    0
1158  878    0    0
1159  879 1955    1
1160  881    0    0
1161  884    0    0
1162  887    0    0
1163  888 1956    1
1164  890    0    0
1165  893    0    0
1166  896    0    0
1167  897 1957    1
1168  899    0    0
1169  902    0    0
1170  905    0    0
1171  906 1958    1
1172  908    0    0
1173  911    0    0
1174  914    0    0
1175  915 1959    1
1176  917    0    0
1177  920    0    0
1178  923    0    0
1179  924 1960    1
1180  926    0    0
1181  929    0    0
1182  932    0    0
1183  933 1961    1
1184  935    0    0
1185  938    0    0
1186  941    0    0
1187  942 1962    1
1188  944    0    0
1189  947    0    0
1190  950    0    0
1191  951 1963    1
1192  953    0    0
1193  956    0    0
1194  959    0    0
1195  960 1964    1
1196  962    0    0
1197  965    0    0
1198  968    0    0
1199  969 1965    1
1200  971    0    0
1201  974    0    0
1202  977    0    0
1203  978 1966    1
1204  980    0    0
1205  983    0    0
1206  986    0    0
1207  987 1967    1
1208  989    0    0
1209  992    0    0
1210  995    0    0
1211  996 1968    1
1212  998    0    0
1213 1001    0    0
1214 1004    0    0
1215 1005 1969    1
1216 1007    0    0
1217 1010    0    0
1218 1013    0    0
1219 1014 1970    1
1220 1016    0    0
1221 1019    0    0
1222 1022    0    0
1223 1023 1971    1
1224 1025    0    0
1225 1028    0    0
1226 1031    0    0
1227 1032 1972    1
1228 1034    0    0
1229 1037    0    0
1230 1040    0    0
1231 1041 1973    1
1232 1043    0    0
1233 1046    0    0
1234 1049    0    0
1235 1050 1974    1
1236 1052    0    0
1237 1055    0    0
1238 1058    0    0
1239 1059 1975    1
1240 1061    0    0
1241 1064    0    0
1242 1067    0    0
1243 1068 1976    1
1244 1070    0    0
1245 1073    0    0
1246 1076    0    0
1247 1077 1977    1
1248 1079    0    0
1249 1082    0    0
1250 1085    0    0
1251 1086 1978    1
1252 1088    0    0
1253 1091    0    0
1254 1094    0    0
1255 1095 1979    1
1256 1097    0    0
1257 1100    0    0
1258 1103    0    0
1259 1104 1980    1
1260 1106    0    0
1261 1109    0    0
1262 1112    0    0
1263 1113 1981    1
1264 1115    0    0
1265 1118    0    0
1266 1121    0    0
1267 1122 1982    1
1268 1124    0    0
1269 1127    0    0
1270 1130    0    0
1271 1131 1983    1
1272 1133    0    0
1273 1136    0    0
1274 1139    0    0
1275 1140 1984    1
1276 1142    0    0
1277 1145    0    0
1278 1148    0    0
1279 1149 1985    1
1280 1151    0    0
1281  579    0    0
1282  583    0    0
1283  584    0    0
1284  585 1922    1
1285  588    0    0
1286  592    0    0
1287  593    0    0
1288  594 1923    1
1289  597    0    0
1290  601    0    0
1291  602    0    0
1292  603 1924    1
1293  606    0    0
1294  610    0    0
1295  611    0    0
1296  612 1925    1
1297  615    0    0
1298  619    0    0
1299  620    0    0
1300  621 1926    1
1301  624    0    0
1302  628    0    0
1303  629    0    0
1304  630 1927    1
1305  633    0    0
1306  637    0    0
1307  638    0    0
1308  639 1928    1
1309  642    0    0
1310  646    0    0
1311  647    0    0
1312  648 1929    1
1313  651    0    0
1314  655    0    0
1315  656    0    0
1316  657 1930    1
1317  660    0    0
1318  664    0    0
1319  665    0    0
1320  666 1931    1
1321  669    0    0
1322  673    0    0
1323  674    0    0
1324  675 1932    1
1325  678    0    0
1326  682    0    0
1327  683    0    0
1328  684 1933    1
1329  687    0    0
1330  691    0    0
1331  692    0    0
1332  693 1934    1
1333  696    0    0
1334  700    0    0
1335  701    0    0
1336  702 1935    1
1337  705    0    0
1338  709    0    0
1339  710    0    0
1340  711 1936    1
1341  714    0    0
1342  718    0    0
1343  719    0    0
1344  720 1937    1
1345  723    0    0
1346  727    0    0
1347  728    0    0
1348  729 1938    1
1349  732    0    0
1350  736    0    0
1351  737    0    0
1352  738 1939    1
1353  741    0    0
1354  745    0    0
1355  746    0    0
1356  747 1940    1
1357  750    0    0
1358  754    0    0
1359  755    0    0
1360  756 1941    1
1361  759    0    0
1362  763    0    0
1363  764    0    0
1364  765 1942    1
1365  768    0    0
1366  772    0    0
1367  773    0    0
1368  774 1943    1
1369  777    0    0
1370  781    0    0
1371  782    0    0
1372  783 1944    1
1373  786    0    0
1374  790    0    0
1375  791    0    0
1376  792 1945    1
1377  795    0    0
1378  799    0    0
1379  800    0    0
1380  801 1946    1
1381  804    0    0
1382  808    0    0
1383  809    0    0
1384  810 1947    1
1385  813    0    0
1386  817    0    0
1387  818    0    0
1388  819 1948    1
1389  822    0    0
1390  826    0    0
1391  827    0    0
1392  828 1949    1
1393  831    0    0
1394  835    0    0
1395  836    0    0
1396  837 1950    1
1397  840    0    0
1398  844    0    0
1399  845    0    0
1400  846 1951    1
1401  849    0    0
1402  853    0    0
1403  854    0    0
1404  855 1952    1
1405  858    0    0
1406  862    0    0
1407  863    0    0
1408  864 1953    1
1409  867    0    0
1410  871    0    0
1411  872    0    0
1412  873 1954    1
1413  876    0    0
1414  880    0    0
1415  881    0    0
1416  882 1955    1
1417  885    0    0
1418  889    0    0
1419  890    0    0
1420  891 1956    1
1421  894    0    0
1422  898    0    0
1423  899    0    0
1424  900 1957    1
1425  903    0    0
1426  907    0    0
1427  908    0    0
1428  909 1958    1
1429  912    0    0
1430  916    0    0
1431  917    0    0
1432  918 1959    1
1433  921    0    0
1434  925    0    0
1435  926    0    0
1436  927 1960    1
1437  930    0    0
1438  934    0    0
1439  935    0    0
1440  936 1961    1
1441  939    0    0
1442  943    0    0
1443  944    0    0
1444  945 1962    1
1445  948    0    0
1446  952    0    0
1447  953    0    0
1448  954 1963    1
1449  957    0    0
1450  961    0    0
1451  962    0    0
1452  963 1964    1
1453  966    0    0
1454  970    0    0
1455  971    0    0
1456  972 1965    1
1457  975    0    0
1458  979    0    0
1459  980    0    0
1460  981 1966    1
1461  984    0    0
1462  988    0    0
1463  989    0    0
1464  990 1967    1
1465  993    0    0
1466  997    0    0
1467  998    0    0
1468  999 1968    1
1469 1002    0    0
1470 1006    0    0
1471 1007    0    0
1472 1008 1969    1
1473 1011    0    0
1474 1015    0    0
1475 1016    0    0
1476 1017 1970    1
1477 1020    0    0
1478 1024    0    0
1479 1025    0    0
1480 1026 1971    1
1481 1029    0    0
1482 1033    0    0
1483 1034    0    0
1484 1035 1972    1
1485 1038    0    0
1486 1042    0    0
1487 1043    0    0
1488 1044 1973    1
1489 1047    0    0
1490 1051    0    0
1491 1052    0    0
1492 1053 1974    1
1493 1056    0    0
1494 1060    0    0
1495 1061    0    0
1496 1062 1975    1
1497 1065    0    0
1498 1069    0    0
1499 1070    0    0
1500 1071 1976    1
1501 1074    0    0
1502 1078    0    0
1503 1079    0    0
1504 1080 1977    1
1505 1083    0    0
1506 1087    0    0
1507 1088    0    0
1508 1089 1978    1
1509 1092    0    0
1510 1096    0    0
1511 1097    0    0
1512 1098 1979    1
1513 1101    0    0
1514 1105    0    0
1515 1106    0    0
1516 1107 1980    1
1517 1110    0    0
1518 1114    0    0
1519 1115    0    0
1520 1116 1981    1
1521 1119    0    0
1522 1123    0    0
1523 1124    0    0
1524 1125 1982    1
1525 1128    0    0
1526 1132    0    0
1527 1133    0    0
1528 1134 1983    1
1529 1137    0    0
1530 1141    0    0
1531 1142    0    0
1532 1143 1984    1
1533 1146    0    0
1534 1150    0    0
1535 1151    0    0
1536 1152 1985    1
1537 1153    0    0
1538 1154    0    0
1539 1155    0    0
1540 1156    0    0
1541 1157    0    0
1542 1158    0    0
1543 1159    0    0
1544 1160    0    0
1545 1161    0    0
1546 1162    0    0
1547 1163    0    0
1548 1164    0    0
1549 1165    0    0
1550 1166    0    0
1551 1167    0    0
1552 1168    0    0
1553 1170    0    0
1554 1171    0    0
1555 1172    0    0
1556 1173    0    0
1557 1174    0    0
1558 1175    0    0
1559 1176    0    0
1560 1177    0    0
1561 1178    0    0
1562 1179    0    0
1563 1180    0    0
1564 1181    0    0
1565 1182    0    0
1566 1183    0    0
1567 1184    0    0
1568 1185    0    0
1569 1187    0    0
1570 1188    0    0
1571 1189    0    0
1572 1190    0    0
1573 1191    0    0
1574 1192    0    0
1575 1193    0    0
1576 1194    0    0
1577 1195    0    0
1578 1196    0    0
1579 1197    0    0
1580 1198    0    0
1581 1199    0    0
1582 1200    0    0
1583 1201    0    0
1584 1202    0    0
1585 1204    0    0
1586 1205    0    0
1587 1206    0    0
1588 1207    0    0
1589 1208    0    0
1590 1209    0    0
1591 1210    0    0
1592 1211    0    0
1593 1212    0    0
1594 1213    0    0
1595 1214    0    0
1596 1215    0    0
1597 1216    0    0
1598 1217    0    0
1599 1218    0    0
1600 1219    0    0
1601 1357 1990    1
1602 1358 1991    1
1603 1359 1992    1
1604 1360 1993    1
1605 1361 1994    1
1606 1362 1995    1
1607 1363 1996    1
1608 1364 1997    1
1609 1365 1998    1
1610 1366 1999    1
1611 1367 2000    1
1612 1368 2001    1
1613 1369 2002    1
1614 1370 2003    1
1615 1371 2004    1
1616 1372 2005    1
1617 1374 2006    1
1618 1375 2007    1
1619 1376 2008    1
1620 1377 2009    1
1621 1378 2010    1
1622 1379 2011    1
1623 1380 2012    1
1624 1381 2013    1
1625 1382 2014    1
1626 1383 2015    1
1627 1384 2016    1
1628 1385 2017    1
1629 1386 2018    1
1630 1387 2019    1
1631 1388 2020    1
1632 1389 2021    1
1633 1391 2022    1
1634 1392 2023    1
1635 1393 2024    1
1636 1394 2025    1
1637 1395 2026    1
1638 1396 2027    1
1639 1397 2028    1
1640 1398 2029    1
1641 1399 2030    1
1642 1400 2031    1
1643 1401 2032    1
1644 1402 2033    1
1645 1403 2034    1
1646 1404 2035    1
1647 1405 2036    1
1648 1406 2037    1
1649 1408 2038    1
1650 1409 2039    1
1651 1410 2040    1
1652 1411 2041    1
1653 1412 2042    1
1654 1413 2043    1
1655 1414 2044    1
1656 1415 2045    1
1657 1416 2046    1
1658 1417 2047    1
1659 1418 2048    1
1660 1419 2049    1
1661 1420 2050    1
1662 1421 2051    1
1663 1422 2052    1
1664 1423 2053    1
1665 1425    0    0
1666 1426    0    0
1667 1427    0    0
1668 1428    0    0
1669 1429    0    0
1670 1430    0    0
1671 1431    0    0
1672 1432    0    0
1673 1433    0    0
1674 1434    0    0
1675 1435    0    0
1676 1436    0    0
1677 1437    0    0
1678 1438    0    0
1679 1439    0    0
1680 1440    0    0
1681 1442    0    0
1682 1443    0    0
1683 1444    0    0
1684 1445    0    0
1685 1446    0    0
1686 1447    0    0
1687 1448    0    0
1688 1449    0    0
1689 1450    0    0
1690 1451    0    0
1691 1452    0    0
1692 1453    0    0
1693 1454    0    0
1694 1455    0    0
1695 1456    0    0
1696 1457    0    0
1697 1459    0    0
1698 1460    0    0
1699 1461    0    0
1700 1462    0    0
1701 1463    0    0
1702 1464    0    0
1703 1465    0    0
1704 1466    0    0
1705 1467    0    0
1706 1468    0    0
1707 1469    0    0
1708 1470    0    0
1709 1471    0    0
1710 1472    0    0
1711 1473    0    0
1712 1474    0    0
1713 1476    0    0
1714 1477    0    0
1715 1478    0    0
1716 1479    0    0
1717 1480    0    0
1718 1481    0    0
1719 1482    0    0
1720 1483    0    0
1721 1484    0    0
1722 1485    0    0
1723 1486    0    0
1724 1487    0    0
1725 1488    0    0
1726 1489    0    0
1727 1490    0    0
1728 1491    0    0
1729 1561    0    0
1730 1562    0    0
1731 1563    0    0
1732 1564    0    0
1733 1565    0    0
1734 1566    0    0
1735 1567    0    0
1736 1568    0    0
1737 1569    0    0
1738 1570    0    0
1739 1571    0    0
1740 1572    0    0
1741 1573    0    0
1742 1574    0    0
1743 1575    0    0
1744 1576    0    0
1745 1578    0    0
1746 1579    0    0
1747 1580    0    0
1748 1581    0    0
1749 1582    0    0
1750 1583    0    0
1751 1584    0    0
1752 1585    0    0
1753 1586    0    0
1754 1587    0    0
1755 1588    0    0
1756 1589    0    0
1757 1590    0    0
1758 1591    0    0
1759 1592    0    0
1760 1593    0    0
1761 1595    0    0
1762 1596    0    0
1763 1597    0    0
1764 1598    0    0
1765 1599    0    0
1766 1600    0    0
1767 1601    0    0
1768 1602    0    0
1769 1603    0    0
1770 1604    0    0
1771 1605    0    0
1772 1606    0    0
1773 1607    0    0
1774 1608    0    0
1775 1609    0    0
1776 1610    0    0
1777 1612    0    0
1778 1613    0    0
1779 1614    0    0
1780 1615    0    0
1781 1616    0    0
1782 1617    0    0
1783 1618    0    0
1784 1619    0    0
1785 1620    0    0
1786 1621    0    0
1787 1622    0    0
1788 1623    0    0
1789 1624    0    0
1790 1625    0    0
1791 1626    0    0
1792 1627    0    0
1793 1221    0    0
1794 1222    0    0
1795 1223    0    0
1796 1224    0    0
1797 1225    0    0
1798 1226    0    0
1799 1227    0    0
1800 1228    0    0
1801 1229    0    0
1802 1230    0    0
1803 1231    0    0
1804 1232    0    0
1805 1233    0    0
1806 1234    0    0
1807 1235    0    0
1808 1236    0    0
1809 1238    0    0
1810 1239    0    0
1811 1240    0    0
1812 1241    0    0
1813 1242    0    0
1814 1243    0    0
1815 1244    0    0
1816 1245    0    0
1817 1246    0    0
1818 1247    0    0
1819 1248    0    0
1820 1249    0    0
1821 1250    0    0
1822 1251    0    0
1823 1252    0    0
1824 1253    0    0
1825 1255    0    0
1826 1256    0    0
1827 1257    0    0
1828 1258    0    0
1829 1259    0    0
1830 1260    0    0
1831 1261    0    0
1832 1262    0    0
1833 1263    0    0
1834 1264    0    0
1835 1265    0    0
1836 1266    0    0
1837 1267    0    0
1838 1268    0    0
1839 1269    0    0
1840 1270    0    0
1841 1272    0    0
1842 1273    0    0
1843 1274    0    0
1844 1275    0    0
1845 1276    0    0
1846 1277    0    0
1847 1278    0    0
1848 1279    0    0
1849 1280    0    0
1850 1281    0    0
1851 1282    0    0
1852 1283    0    0
1853 1284    0    0
1854 1285    0    0
1855 1286    0    0
1856 1287    0    0
1857 1425    0    0
1858 1426    0    0
1859 1427    0    0
1860 1428    0    0
1861 1429    0    0
1862 1430    0    0
1863 1431    0    0
1864 1432    0    0
1865 1433    0    0
1866 1434    0    0
1867 1435    0    0
1868 1436    0    0
1869 1437    0    0
1870 1438    0    0
1871 1439    0    0
1872 1440    0    0
1873 1442    0    0
1874 1443    0    0
1875 1444    0    0
1876 1445    0    0
1877 1446    0    0
1878 1447    0    0
1879 1448    0    0
1880 1449    0    0
1881 1450    0    0
1882 1451    0    0
1883 1452    0    0
1884 1453    0    0
1885 1454    0    0
1886 1455    0    0
1887 1456    0    0
1888 1457    0    0
1889 1459    0    0
1890 1460    0    0
1891 1461    0    0
1892 1462    0    0
1893 1463    0    0
1894 1464    0    0
1895 1465    0    0
1896 1466    0    0
1897 1467    0    0
1898 1468    0    0
1899 1469    0    0
1900 1470    0    0
1901 1471    0    0
1902 1472    0    0
1903 1473    0    0
1904 1474    0    0
1905 1476    0    0
1906 1477    0    0
1907 1478    0    0
1908 1479    0    0
1909 1480    0    0
1910 1481    0    0
1911 1482    0    0
1912 1483    0    0
1913 1484    0    0
1914 1485    0    0
1915 1486    0    0
1916 1487    0    0
1917 1488    0    0
1918 1489    0    0
1919 1490    0    0
1920 1491    0    0
1921 1493 1990    1
1922 1494 1991    1
1923 1495 1992    1
1924 1496 1993    1
1925 1497 1994    1
1926 1498 1995    1
1927 1499 1996    1
1928 1500 1997    1
1929 1501 1998    1
1930 1502 1999    1
1931 1503 2000    1
1932 1504 2001    1
1933 1505 2002    1
1934 1506 2003    1
1935 1507 2004    1
1936 1508 2005    1
1937 1510 2006    1
1938 1511 2007    1
1939 1512 2008    1
1940 1513 2009    1
1941 1514 2010    1
1942 1515 2011    1
1943 1516 2012    1
1944 1517 2013    1
1945 1518 2014    1
1946 1519 2015    1
1947 1520 2016    1
1948 1521 2017    1
1949 1522 2018    1
1950 1523 2019    1
1951 1524 2020    1
1952 1525 2021    1
1953 1527 2022    1
1954 1528 2023    1
1955 1529 2024    1
1956 1530 2025    1
1957 1531 2026    1
1958 1532 2027    1
1959 1533 2028    1
1960 1534 2029    1
1961 1535 2030    1
1962 1536 2031    1
1963 1537 2032    1
1964 1538 2033    1
1965 1539 2034    1
1966 1540 2035    1
1967 1541 2036    1
1968 1542 2037    1
1969 1544 2038    1
1970 1545 2039    1
1971 1546 2040    1
1972 1547 2041    1
1973 1548 2042    1
1974 1549 2043    1
1975 1550 2044    1
1976 1551 2045    1
1977 1552 2046    1
1978 1553 2047    1
1979 1554 2048    1
1980 1555 2049    1
1981 1556 2050    1
1982 1557 2051    1
1983 1558 2052    1
1984 1559 2053    1
1985 1629    0    0
1986 1630    0    0
1987 1631    0    0
1988 1632    0    0
1989 1633    0    0
1990 1634    0    0
1991 1635    0    0
1992 1636    0    0
1993 1637    0    0
1994 1638    0    0
1995 1639    0    0
1996 1640    0    0
1997 1641    0    0
1998 1642    0    0
1999 1643    0    0
2000 1644    0    0
2001 1646    0    0
2002 1647    0    0
2003 1648    0    0
2004 1649    0    0
2005 1650    0    0
2006 1651    0    0
2007 1652    0    0
2008 1653    0    0
2009 1654    0    0
2010 1655    0    0
2011 1656    0    0
2012 1657    0    0
2013 1658    0    0
2014 1659    0    0
2015 1660    0    0
2016 1661    0    0
2017 1663    0    0
2018 1664    0    0
2019 1665    0    0
2020 1666    0    0
2021 1667    0    0
2022 1668    0    0
2023 1669    0    0
2024 1670    0    0
2025 1671    0    0
2026 1672    0    0
2027 1673    0    0
2028 1674    0    0
2029 1675    0    0
2030 1676    0    0
2031 1677    0    0
2032 1678    0    0
2033 1680    0    0
2034 1681    0    0
2035 1682    0    0
2036 1683    0    0
2037 1684    0    0
2038 1685    0    0
2039 1686    0    0
2040 1687    0    0
2041 1688    0    0
2042 1689    0    0
2043 1690    0    0
2044 1691    0    0
2045 1692    0    0
2046 1693    0    0
2047 1694    0    0
2048 1695    0    0
2049 1289    0    0
2050 1290    0    0
2051 1291    0    0
2052 1292    0    0
2053 1293    0    0
2054 1294    0    0
2055 1295    0    0
2056 1296    0    0
2057 1297    0    0
2058 1298    0    0
2059 1299    0    0
2060 1300    0    0
2061 1301    0    0
2062 1302    0    0
2063 1303    0    0
2064 1304    0    0
2065 1306    0    0
2066 1307    0    0
2067 1308    0    0
2068 1309    0    0
2069 1310    0    0
2070 1311    0    0
2071 1312    0    0
2072 1313    0    0
2073 1314    0    0
2074 1315    0    0
2075 1316    0    0
2076 1317    0    0
2077 1318    0    0
2078 1319    0    0
2079 1320    0    0
2080 1321    0    0
2081 1323    0    0
2082 1324    0    0
2083 1325    0    0
2084 1326    0    0
2085 1327    0    0
2086 1328    0    0
2087 1329    0    0
2088 1330    0    0
2089 1331    0    0
2090 1332    0    0
2091 1333    0    0
2092 1334    0    0
2093 1335    0    0
2094 1336    0    0
2095 1337    0    0
2096 1338    0    0
2097 1340    0    0
2098 1341    0    0
2099 1342    0    0
2100 1343    0    0
2101 1344    0    0
2102 1345    0    0
2103 1346    0    0
2104 1347    0    0
2105 1348    0    0
2106 1349    0    0
2107 1350    0    0
2108 1351    0    0
2109 1352    0    0
2110 1353    0    0
2111 1354    0    0
2112 1355    0    0
2113 1561    0    0
2114 1562    0    0
2115 1563    0    0
2116 1564    0    0
2117 1565    0    0
2118 1566    0    0
2119 1567    0    0
2120 1568    0    0
2121 1569    0    0
2122 1570    0    0
2123 1571    0    0
2124 1572    0    0
2125 1573    0    0
2126 1574    0    0
2127 1575    0    0
2128 1576    0    0
2129 1578    0    0
2130 1579    0    0
2131 1580    0    0
2132 1581    0    0
2133 1582    0    0
2134 1583    0    0
2135 1584    0    0
2136 1585    0    0
2137 1586    0    0
2138 1587    0    0
2139 1588    0    0
2140 1589    0    0
2141 1590    0    0
2142 1591    0    0
2143 1592    0    0
2144 1593    0    0
2145 1595    0    0
2146 1596    0    0
2147 1597    0    0
2148 1598    0    0
2149 1599    0    0
2150 1600    0    0
2151 1601    0    0
2152 1602    0    0
2153 1603    0    0
2154 1604    0    0
2155 1605    0    0
2156 1606    0    0
2157 1607    0    0
2158 1608    0    0
2159 1609    0    0
2160 1610    0    0
2161 1612    0    0
2162 1613    0    0
2163 1614    0    0
2164 1615    0    0
2165 1616    0    0
2166 1617    0    0
2167 1618    0    0
2168 1619    0    0
2169 1620    0    0
2170 1621    0    0
2171 1622    0    0
2172 1623    0    0
2173 1624    0    0
2174 1625    0    0
2175 1626    0    0
2176 1627    0    0
2177 1629    0    0
2178 1630    0    0
2179 1631    0    0
2180 1632    0    0
2181 1633    0    0
2182 1634    0    0
2183 1635    0    0
2184 1636    0    0
2185 1637    0    0
2186 1638    0    0
2187 1639    0    0
2188 1640    0    0
2189 1641    0    0
2190 1642    0    0
2191 1643    0    0
2192 1644    0    0
2193 1646    0    0
2194 1647    0    0
2195 1648    0    0
2196 1649    0    0
2197 1650    0    0
2198 1651    0    0
2199 1652    0    0
2200 1653    0    0
2201 1654    0    0
2202 1655    0    0
2203 1656    0    0
2204 1657    0    0
2205 1658    0    0
2206 1659    0    0
2207 1660    0    0
2208 1661    0    0
2209 1663    0    0
2210 1664    0    0
2211 1665    0    0
2212 1666    0    0
2213 1667    0    0
2214 1668    0    0
2215 1669    0    0
2216 1670    0    0
2217 1671    0    0
2218 1672    0    0
2219 1673    0    0
2220 1674    0    0
2221 1675    0    0
2222 1676    0    0
2223 1677    0    0
2224 1678    0    0
2225 1680    0    0
2226 1681    0    0
2227 1682    0    0
2228 1683    0    0
2229 1684    0    0
2230 1685    0    0
2231 1686    0    0
2232 1687    0    0
2233 1688    0    0
2234 1689    0    0
2235 1690    0    0
2236 1691    0    0
2237 1692    0    0
2238 1693    0    0
2239 1694    0    0
2240 1695    0    0
2241 1697 1990    1
2242 1698 1991    1
2243 1699 1992    1
2244 1700 1993    1
2245 1701 1994    1
2246 1702 1995    1
2247 1703 1996    1
2248 1704 1997    1
2249 1705 1998    1
2250 1706 1999    1
2251 1707 2000    1
2252 1708 2001    1
2253 1709 2002    1
2254 1710 2003    1
2255 1711 2004    1
2256 1712 2005    1
2257 1714 2006    1
2258 1715 2007    1
2259 1716 2008    1
2260 1717 2009    1
2261 1718 2010    1
2262 1719 2011    1
2263 1720 2012    1
2264 1721 2013    1
2265 1722 2014    1
2266 1723 2015    1
2267 1724 2016    1
2268 1725 2017    1
2269 1726 2018    1
2270 1727 2019    1
2271 1728 2020    1
2272 1729 2021    1
2273 1731 2022    1
2274 1732 2023    1
2275 1733 2024    1
2276 1734 2025    1
2277 1735 2026    1
2278 1736 2027    1
2279 1737 2028    1
2280 1738 2029    1
2281 1739 2030    1
2282 1740 2031    1
2283 1741 2032    1
2284 1742 2033    1
2285 1743 2034    1
2286 1744 2035    1
2287 1745 2036    1
2288 1746 2037    1
2289 1748 2038    1
2290 1749 2039    1
2291 1750 2040    1
2292 1751 2041    1
2293 1752 2042    1
2294 1753 2043    1
2295 1754 2044    1
2296 1755 2045    1
2297 1756 2046    1
2298 1757 2047    1
2299 1758 2048    1
2300 1759 2049    1
2301 1760 2050    1
2302 1761 2051    1
2303 1762 2052    1
2304 1763 2053    1
