36
   1    1    0    0
   2    4   47    1
   3    5    0    0
   4    7    0    0
   5    2    0    0
   6    5    0    0
   7    6   47    1
   8    8    0    0
   9    3    0    0
  10    7    0    0
  11    8    0    0
  12    9   47    1
  13   18    0    0
  14   21    0    0
  15   24    0    0
  16   27    0    0
  17   19    0    0
  18   22    0    0
  19   25    0    0
  20   28    0    0
  21   20    0    0
  22   23    0    0
  23   26    0    0
  24   29    0    0
  25   35    0    0
  26   36    0    0
  27   37    0    0
  28   38    0    0
  29   39    0    0
  30   40    0    0
  31   41    0    0
  32   42    0    0
  33   43    0    0
  34   44    0    0
  35   45    0    0
  36   46    0    0
