144
   1    1    0    0
   2    2    0    0
   3    3    0    0
   4    4    0    0
   5   13  136    1
   6   14  137    1
   7   15  138    1
   8   16  139    1
   9   17    0    0
  10   18    0    0
  11   19    0    0
  12   20    0    0
  13   25    0    0
  14   26    0    0
  15   27    0    0
  16   28    0    0
  17    5    0    0
  18    6    0    0
  19    7    0    0
  20    8    0    0
  21   17    0    0
  22   18    0    0
  23   19    0    0
  24   20    0    0
  25   21  136    1
  26   22  137    1
  27   23  138    1
  28   24  139    1
  29   29    0    0
  30   30    0    0
  31   31    0    0
  32   32    0    0
  33    9    0    0
  34   10    0    0
  35   11    0    0
  36   12    0    0
  37   25    0    0
  38   26    0    0
  39   27    0    0
  40   28    0    0
  41   29    0    0
  42   30    0    0
  43   31    0    0
  44   32    0    0
  45   33  136    1
  46   34  137    1
  47   35  138    1
  48   36  139    1
  49   43    0    0
  50   46  141    1
  51   47    0    0
  52   49    0    0
  53   52    0    0
  54   55  142    1
  55   56    0    0
  56   58    0    0
  57   61    0    0
  58   64  143    1
  59   65    0    0
  60   67    0    0
  61   70    0    0
  62   73  144    1
  63   74    0    0
  64   76    0    0
  65   44    0    0
  66   47    0    0
  67   48  141    1
  68   50    0    0
  69   53    0    0
  70   56    0    0
  71   57  142    1
  72   59    0    0
  73   62    0    0
  74   65    0    0
  75   66  143    1
  76   68    0    0
  77   71    0    0
  78   74    0    0
  79   75  144    1
  80   77    0    0
  81   45    0    0
  82   49    0    0
  83   50    0    0
  84   51  141    1
  85   54    0    0
  86   58    0    0
  87   59    0    0
  88   60  142    1
  89   63    0    0
  90   67    0    0
  91   68    0    0
  92   69  143    1
  93   72    0    0
  94   76    0    0
  95   77    0    0
  96   78  144    1
  97   85    0    0
  98   86    0    0
  99   87    0    0
 100   88    0    0
 101   89    0    0
 102   90    0    0
 103   91    0    0
 104   92    0    0
 105   93    0    0
 106   94    0    0
 107   95    0    0
 108   96    0    0
 109   97    0    0
 110   98    0    0
 111   99    0    0
 112  100    0    0
 113  102    0    0
 114  103    0    0
 115  104    0    0
 116  105    0    0
 117  106    0    0
 118  107    0    0
 119  108    0    0
 120  109    0    0
 121  110    0    0
 122  111    0    0
 123  112    0    0
 124  113    0    0
 125  114    0    0
 126  115    0    0
 127  116    0    0
 128  117    0    0
 129  119    0    0
 130  120    0    0
 131  121    0    0
 132  122    0    0
 133  123    0    0
 134  124    0    0
 135  125    0    0
 136  126    0    0
 137  127    0    0
 138  128    0    0
 139  129    0    0
 140  130    0    0
 141  131    0    0
 142  132    0    0
 143  133    0    0
 144  134    0    0
