576 
   1    1    0    0
   2    2    0    0
   3    3    0    0
   4    4    0    0
   5   13  490    1
   6   14  491    1
   7   15  492    1
   8   16  493    1
   9   17    0    0
  10   18    0    0
  11   19    0    0
  12   20    0    0
  13   25    0    0
  14   26    0    0
  15   27    0    0
  16   28    0    0
  17   43    0    0
  18   44    0    0
  19   45    0    0
  20   46    0    0
  21   55  495    1
  22   56  496    1
  23   57  497    1
  24   58  498    1
  25   59    0    0
  26   60    0    0
  27   61    0    0
  28   62    0    0
  29   67    0    0
  30   68    0    0
  31   69    0    0
  32   70    0    0
  33   85    0    0
  34   86    0    0
  35   87    0    0
  36   88    0    0
  37   97  500    1
  38   98  501    1
  39   99  502    1
  40  100  503    1
  41  101    0    0
  42  102    0    0
  43  103    0    0
  44  104    0    0
  45  109    0    0
  46  110    0    0
  47  111    0    0
  48  112    0    0
  49  127    0    0
  50  128    0    0
  51  129    0    0
  52  130    0    0
  53  139  505    1
  54  140  506    1
  55  141  507    1
  56  142  508    1
  57  143    0    0
  58  144    0    0
  59  145    0    0
  60  146    0    0
  61  151    0    0
  62  152    0    0
  63  153    0    0
  64  154    0    0
  65    5    0    0
  66    6    0    0
  67    7    0    0
  68    8    0    0
  69   17    0    0
  70   18    0    0
  71   19    0    0
  72   20    0    0
  73   21  490    1
  74   22  491    1
  75   23  492    1
  76   24  493    1
  77   29    0    0
  78   30    0    0
  79   31    0    0
  80   32    0    0
  81   47    0    0
  82   48    0    0
  83   49    0    0
  84   50    0    0
  85   59    0    0
  86   60    0    0
  87   61    0    0
  88   62    0    0
  89   63  495    1
  90   64  496    1
  91   65  497    1
  92   66  498    1
  93   71    0    0
  94   72    0    0
  95   73    0    0
  96   74    0    0
  97   89    0    0
  98   90    0    0
  99   91    0    0
 100   92    0    0
 101  101    0    0
 102  102    0    0
 103  103    0    0
 104  104    0    0
 105  105  500    1
 106  106  501    1
 107  107  502    1
 108  108  503    1
 109  113    0    0
 110  114    0    0
 111  115    0    0
 112  116    0    0
 113  131    0    0
 114  132    0    0
 115  133    0    0
 116  134    0    0
 117  143    0    0
 118  144    0    0
 119  145    0    0
 120  146    0    0
 121  147  505    1
 122  148  506    1
 123  149  507    1
 124  150  508    1
 125  155    0    0
 126  156    0    0
 127  157    0    0
 128  158    0    0
 129    9    0    0
 130   10    0    0
 131   11    0    0
 132   12    0    0
 133   25    0    0
 134   26    0    0
 135   27    0    0
 136   28    0    0
 137   29    0    0
 138   30    0    0
 139   31    0    0
 140   32    0    0
 141   33  490    1
 142   34  491    1
 143   35  492    1
 144   36  493    1
 145   51    0    0
 146   52    0    0
 147   53    0    0
 148   54    0    0
 149   67    0    0
 150   68    0    0
 151   69    0    0
 152   70    0    0
 153   71    0    0
 154   72    0    0
 155   73    0    0
 156   74    0    0
 157   75  495    1
 158   76  496    1
 159   77  497    1
 160   78  498    1
 161   93    0    0
 162   94    0    0
 163   95    0    0
 164   96    0    0
 165  109    0    0
 166  110    0    0
 167  111    0    0
 168  112    0    0
 169  113    0    0
 170  114    0    0
 171  115    0    0
 172  116    0    0
 173  117  500    1
 174  118  501    1
 175  119  502    1
 176  120  503    1
 177  135    0    0
 178  136    0    0
 179  137    0    0
 180  138    0    0
 181  151    0    0
 182  152    0    0
 183  153    0    0
 184  154    0    0
 185  155    0    0
 186  156    0    0
 187  157    0    0
 188  158    0    0
 189  159  505    1
 190  160  506    1
 191  161  507    1
 192  162  508    1
 193  169    0    0
 194  172  510    1
 195  173    0    0
 196  175    0    0
 197  178    0    0
 198  181  511    1
 199  182    0    0
 200  184    0    0
 201  187    0    0
 202  190  512    1
 203  191    0    0
 204  193    0    0
 205  196    0    0
 206  199  513    1
 207  200    0    0
 208  202    0    0
 209  211    0    0
 210  214  514    1
 211  215    0    0
 212  217    0    0
 213  220    0    0
 214  223  515    1
 215  224    0    0
 216  226    0    0
 217  229    0    0
 218  232  516    1
 219  233    0    0
 220  235    0    0
 221  238    0    0
 222  241  517    1
 223  242    0    0
 224  244    0    0
 225  253    0    0
 226  256  518    1
 227  257    0    0
 228  259    0    0
 229  262    0    0
 230  265  519    1
 231  266    0    0
 232  268    0    0
 233  271    0    0
 234  274  520    1
 235  275    0    0
 236  277    0    0
 237  280    0    0
 238  283  521    1
 239  284    0    0
 240  286    0    0
 241  295    0    0
 242  298  522    1
 243  299    0    0
 244  301    0    0
 245  304    0    0
 246  307  523    1
 247  308    0    0
 248  310    0    0
 249  313    0    0
 250  316  524    1
 251  317    0    0
 252  319    0    0
 253  322    0    0
 254  325  525    1
 255  326    0    0
 256  328    0    0
 257  170    0    0
 258  173    0    0
 259  174  510    1
 260  176    0    0
 261  179    0    0
 262  182    0    0
 263  183  511    1
 264  185    0    0
 265  188    0    0
 266  191    0    0
 267  192  512    1
 268  194    0    0
 269  197    0    0
 270  200    0    0
 271  201  513    1
 272  203    0    0
 273  212    0    0
 274  215    0    0
 275  216  514    1
 276  218    0    0
 277  221    0    0
 278  224    0    0
 279  225  515    1
 280  227    0    0
 281  230    0    0
 282  233    0    0
 283  234  516    1
 284  236    0    0
 285  239    0    0
 286  242    0    0
 287  243  517    1
 288  245    0    0
 289  254    0    0
 290  257    0    0
 291  258  518    1
 292  260    0    0
 293  263    0    0
 294  266    0    0
 295  267  519    1
 296  269    0    0
 297  272    0    0
 298  275    0    0
 299  276  520    1
 300  278    0    0
 301  281    0    0
 302  284    0    0
 303  285  521    1
 304  287    0    0
 305  296    0    0
 306  299    0    0
 307  300  522    1
 308  302    0    0
 309  305    0    0
 310  308    0    0
 311  309  523    1
 312  311    0    0
 313  314    0    0
 314  317    0    0
 315  318  524    1
 316  320    0    0
 317  323    0    0
 318  326    0    0
 319  327  525    1
 320  329    0    0
 321  171    0    0
 322  175    0    0
 323  176    0    0
 324  177  510    1
 325  180    0    0
 326  184    0    0
 327  185    0    0
 328  186  511    1
 329  189    0    0
 330  193    0    0
 331  194    0    0
 332  195  512    1
 333  198    0    0
 334  202    0    0
 335  203    0    0
 336  204  513    1
 337  213    0    0
 338  217    0    0
 339  218    0    0
 340  219  514    1
 341  222    0    0
 342  226    0    0
 343  227    0    0
 344  228  515    1
 345  231    0    0
 346  235    0    0
 347  236    0    0
 348  237  516    1
 349  240    0    0
 350  244    0    0
 351  245    0    0
 352  246  517    1
 353  255    0    0
 354  259    0    0
 355  260    0    0
 356  261  518    1
 357  264    0    0
 358  268    0    0
 359  269    0    0
 360  270  519    1
 361  273    0    0
 362  277    0    0
 363  278    0    0
 364  279  520    1
 365  282    0    0
 366  286    0    0
 367  287    0    0
 368  288  521    1
 369  297    0    0
 370  301    0    0
 371  302    0    0
 372  303  522    1
 373  306    0    0
 374  310    0    0
 375  311    0    0
 376  312  523    1
 377  315    0    0
 378  319    0    0
 379  320    0    0
 380  321  524    1
 381  324    0    0
 382  328    0    0
 383  329    0    0
 384  330  525    1
 385  337    0    0
 386  338    0    0
 387  339    0    0
 388  340    0    0
 389  341    0    0
 390  342    0    0
 391  343    0    0
 392  344    0    0
 393  345    0    0
 394  346    0    0
 395  347    0    0
 396  348    0    0
 397  349    0    0
 398  350    0    0
 399  351    0    0
 400  352    0    0
 401  388  526    1
 402  389  527    1
 403  390  528    1
 404  391  529    1
 405  392  530    1
 406  393  531    1
 407  394  532    1
 408  395  533    1
 409  396  534    1
 410  397  535    1
 411  398  536    1
 412  399  537    1
 413  400  538    1
 414  401  539    1
 415  402  540    1
 416  403  541    1
 417  405    0    0
 418  406    0    0
 419  407    0    0
 420  408    0    0
 421  409    0    0
 422  410    0    0
 423  411    0    0
 424  412    0    0
 425  413    0    0
 426  414    0    0
 427  415    0    0
 428  416    0    0
 429  417    0    0
 430  418    0    0
 431  419    0    0
 432  420    0    0
 433  439    0    0
 434  440    0    0
 435  441    0    0
 436  442    0    0
 437  443    0    0
 438  444    0    0
 439  445    0    0
 440  446    0    0
 441  447    0    0
 442  448    0    0
 443  449    0    0
 444  450    0    0
 445  451    0    0
 446  452    0    0
 447  453    0    0
 448  454    0    0
 449  354    0    0
 450  355    0    0
 451  356    0    0
 452  357    0    0
 453  358    0    0
 454  359    0    0
 455  360    0    0
 456  361    0    0
 457  362    0    0
 458  363    0    0
 459  364    0    0
 460  365    0    0
 461  366    0    0
 462  367    0    0
 463  368    0    0
 464  369    0    0
 465  405    0    0
 466  406    0    0
 467  407    0    0
 468  408    0    0
 469  409    0    0
 470  410    0    0
 471  411    0    0
 472  412    0    0
 473  413    0    0
 474  414    0    0
 475  415    0    0
 476  416    0    0
 477  417    0    0
 478  418    0    0
 479  419    0    0
 480  420    0    0
 481  422  526    1
 482  423  527    1
 483  424  528    1
 484  425  529    1
 485  426  530    1
 486  427  531    1
 487  428  532    1
 488  429  533    1
 489  430  534    1
 490  431  535    1
 491  432  536    1
 492  433  537    1
 493  434  538    1
 494  435  539    1
 495  436  540    1
 496  437  541    1
 497  456    0    0
 498  457    0    0
 499  458    0    0
 500  459    0    0
 501  460    0    0
 502  461    0    0
 503  462    0    0
 504  463    0    0
 505  464    0    0
 506  465    0    0
 507  466    0    0
 508  467    0    0
 509  468    0    0
 510  469    0    0
 511  470    0    0
 512  471    0    0
 513  371    0    0
 514  372    0    0
 515  373    0    0
 516  374    0    0
 517  375    0    0
 518  376    0    0
 519  377    0    0
 520  378    0    0
 521  379    0    0
 522  380    0    0
 523  381    0    0
 524  382    0    0
 525  383    0    0
 526  384    0    0
 527  385    0    0
 528  386    0    0
 529  439    0    0
 530  440    0    0
 531  441    0    0
 532  442    0    0
 533  443    0    0
 534  444    0    0
 535  445    0    0
 536  446    0    0
 537  447    0    0
 538  448    0    0
 539  449    0    0
 540  450    0    0
 541  451    0    0
 542  452    0    0
 543  453    0    0
 544  454    0    0
 545  456    0    0
 546  457    0    0
 547  458    0    0
 548  459    0    0
 549  460    0    0
 550  461    0    0
 551  462    0    0
 552  463    0    0
 553  464    0    0
 554  465    0    0
 555  466    0    0
 556  467    0    0
 557  468    0    0
 558  469    0    0
 559  470    0    0
 560  471    0    0
 561  473  526    1
 562  474  527    1
 563  475  528    1
 564  476  529    1
 565  477  530    1
 566  478  531    1
 567  479  532    1
 568  480  533    1
 569  481  534    1
 570  482  535    1
 571  483  536    1
 572  484  537    1
 573  485  538    1
 574  486  539    1
 575  487  540    1
 576  488  541    1
