144
   1    1    0    0
   2    4  173    1
   3    5    0    0
   4    7    0    0
   5   18    0    0
   6   21  174    1
   7   22    0    0
   8   24    0    0
   9   35    0    0
  10   38  175    1
  11   39    0    0
  12   41    0    0
  13   52    0    0
  14   55  176    1
  15   56    0    0
  16   58    0    0
  17    2    0    0
  18    5    0    0
  19    6  173    1
  20    8    0    0
  21   19    0    0
  22   22    0    0
  23   23  174    1
  24   25    0    0
  25   36    0    0
  26   39    0    0
  27   40  175    1
  28   42    0    0
  29   53    0    0
  30   56    0    0
  31   57  176    1
  32   59    0    0
  33    3    0    0
  34    7    0    0
  35    8    0    0
  36    9  173    1
  37   20    0    0
  38   24    0    0
  39   25    0    0
  40   26  174    1
  41   37    0    0
  42   41    0    0
  43   42    0    0
  44   43  175    1
  45   54    0    0
  46   58    0    0
  47   59    0    0
  48   60  176    1
  49   69    0    0
  50   72    0    0
  51   75    0    0
  52   78    0    0
  53   86    0    0
  54   89    0    0
  55   92    0    0
  56   95    0    0
  57  103    0    0
  58  106    0    0
  59  109    0    0
  60  112    0    0
  61  120    0    0
  62  123    0    0
  63  126    0    0
  64  129    0    0
  65   70    0    0
  66   73    0    0
  67   76    0    0
  68   79    0    0
  69   87    0    0
  70   90    0    0
  71   93    0    0
  72   96    0    0
  73  104    0    0
  74  107    0    0
  75  110    0    0
  76  113    0    0
  77  121    0    0
  78  124    0    0
  79  127    0    0
  80  130    0    0
  81   71    0    0
  82   74    0    0
  83   77    0    0
  84   80    0    0
  85   88    0    0
  86   91    0    0
  87   94    0    0
  88   97    0    0
  89  105    0    0
  90  108    0    0
  91  111    0    0
  92  114    0    0
  93  122    0    0
  94  125    0    0
  95  128    0    0
  96  131    0    0
  97  137    0    0
  98  138    0    0
  99  139    0    0
 100  140    0    0
 101  149  177    1
 102  150  178    1
 103  151  179    1
 104  152  180    1
 105  153    0    0
 106  154    0    0
 107  155    0    0
 108  156    0    0
 109  161    0    0
 110  162    0    0
 111  163    0    0
 112  164    0    0
 113  141    0    0
 114  142    0    0
 115  143    0    0
 116  144    0    0
 117  153    0    0
 118  154    0    0
 119  155    0    0
 120  156    0    0
 121  157  177    1
 122  158  178    1
 123  159  179    1
 124  160  180    1
 125  165    0    0
 126  166    0    0
 127  167    0    0
 128  168    0    0
 129  145    0    0
 130  146    0    0
 131  147    0    0
 132  148    0    0
 133  161    0    0
 134  162    0    0
 135  163    0    0
 136  164    0    0
 137  165    0    0
 138  166    0    0
 139  167    0    0
 140  168    0    0
 141  169  177    1
 142  170  178    1
 143  171  179    1
 144  172  180    1
