576
   1    1    0    0
   2    4  723    1
   3    5    0    0
   4    7    0    0
   5   18    0    0
   6   21  724    1
   7   22    0    0
   8   24    0    0
   9   35    0    0
  10   38  725    1
  11   39    0    0
  12   41    0    0
  13   52    0    0
  14   55  726    1
  15   56    0    0
  16   58    0    0
  17   69    0    0
  18   72  727    1
  19   73    0    0
  20   75    0    0
  21   86    0    0
  22   89  728    1
  23   90    0    0
  24   92    0    0
  25  103    0    0
  26  106  729    1
  27  107    0    0
  28  109    0    0
  29  120    0    0
  30  123  730    1
  31  124    0    0
  32  126    0    0
  33  137    0    0
  34  140  731    1
  35  141    0    0
  36  143    0    0
  37  154    0    0
  38  157  732    1
  39  158    0    0
  40  160    0    0
  41  171    0    0
  42  174  733    1
  43  175    0    0
  44  177    0    0
  45  188    0    0
  46  191  734    1
  47  192    0    0
  48  194    0    0
  49  205    0    0
  50  208  735    1
  51  209    0    0
  52  211    0    0
  53  222    0    0
  54  225  736    1
  55  226    0    0
  56  228    0    0
  57  239    0    0
  58  242  737    1
  59  243    0    0
  60  245    0    0
  61  256    0    0
  62  259  738    1
  63  260    0    0
  64  262    0    0
  65    2    0    0
  66    5    0    0
  67    6  723    1
  68    8    0    0
  69   19    0    0
  70   22    0    0
  71   23  724    1
  72   25    0    0
  73   36    0    0
  74   39    0    0
  75   40  725    1
  76   42    0    0
  77   53    0    0
  78   56    0    0
  79   57  726    1
  80   59    0    0
  81   70    0    0
  82   73    0    0
  83   74  727    1
  84   76    0    0
  85   87    0    0
  86   90    0    0
  87   91  728    1
  88   93    0    0
  89  104    0    0
  90  107    0    0
  91  108  729    1
  92  110    0    0
  93  121    0    0
  94  124    0    0
  95  125  730    1
  96  127    0    0
  97  138    0    0
  98  141    0    0
  99  142  731    1
 100  144    0    0
 101  155    0    0
 102  158    0    0
 103  159  732    1
 104  161    0    0
 105  172    0    0
 106  175    0    0
 107  176  733    1
 108  178    0    0
 109  189    0    0
 110  192    0    0
 111  193  734    1
 112  195    0    0
 113  206    0    0
 114  209    0    0
 115  210  735    1
 116  212    0    0
 117  223    0    0
 118  226    0    0
 119  227  736    1
 120  229    0    0
 121  240    0    0
 122  243    0    0
 123  244  737    1
 124  246    0    0
 125  257    0    0
 126  260    0    0
 127  261  738    1
 128  263    0    0
 129    3    0    0
 130    7    0    0
 131    8    0    0
 132    9  723    1
 133   20    0    0
 134   24    0    0
 135   25    0    0
 136   26  724    1
 137   37    0    0
 138   41    0    0
 139   42    0    0
 140   43  725    1
 141   54    0    0
 142   58    0    0
 143   59    0    0
 144   60  726    1
 145   71    0    0
 146   75    0    0
 147   76    0    0
 148   77  727    1
 149   88    0    0
 150   92    0    0
 151   93    0    0
 152   94  728    1
 153  105    0    0
 154  109    0    0
 155  110    0    0
 156  111  729    1
 157  122    0    0
 158  126    0    0
 159  127    0    0
 160  128  730    1
 161  139    0    0
 162  143    0    0
 163  144    0    0
 164  145  731    1
 165  156    0    0
 166  160    0    0
 167  161    0    0
 168  162  732    1
 169  173    0    0
 170  177    0    0
 171  178    0    0
 172  179  733    1
 173  190    0    0
 174  194    0    0
 175  195    0    0
 176  196  734    1
 177  207    0    0
 178  211    0    0
 179  212    0    0
 180  213  735    1
 181  224    0    0
 182  228    0    0
 183  229    0    0
 184  230  736    1
 185  241    0    0
 186  245    0    0
 187  246    0    0
 188  247  737    1
 189  258    0    0
 190  262    0    0
 191  263    0    0
 192  264  738    1
 193  290    0    0
 194  293    0    0
 195  296    0    0
 196  299    0    0
 197  307    0    0
 198  310    0    0
 199  313    0    0
 200  316    0    0
 201  324    0    0
 202  327    0    0
 203  330    0    0
 204  333    0    0
 205  341    0    0
 206  344    0    0
 207  347    0    0
 208  350    0    0
 209  358    0    0
 210  361    0    0
 211  364    0    0
 212  367    0    0
 213  375    0    0
 214  378    0    0
 215  381    0    0
 216  384    0    0
 217  392    0    0
 218  395    0    0
 219  398    0    0
 220  401    0    0
 221  409    0    0
 222  412    0    0
 223  415    0    0
 224  418    0    0
 225  426    0    0
 226  429    0    0
 227  432    0    0
 228  435    0    0
 229  443    0    0
 230  446    0    0
 231  449    0    0
 232  452    0    0
 233  460    0    0
 234  463    0    0
 235  466    0    0
 236  469    0    0
 237  477    0    0
 238  480    0    0
 239  483    0    0
 240  486    0    0
 241  494    0    0
 242  497    0    0
 243  500    0    0
 244  503    0    0
 245  511    0    0
 246  514    0    0
 247  517    0    0
 248  520    0    0
 249  528    0    0
 250  531    0    0
 251  534    0    0
 252  537    0    0
 253  545    0    0
 254  548    0    0
 255  551    0    0
 256  554    0    0
 257  291    0    0
 258  294    0    0
 259  297    0    0
 260  300    0    0
 261  308    0    0
 262  311    0    0
 263  314    0    0
 264  317    0    0
 265  325    0    0
 266  328    0    0
 267  331    0    0
 268  334    0    0
 269  342    0    0
 270  345    0    0
 271  348    0    0
 272  351    0    0
 273  359    0    0
 274  362    0    0
 275  365    0    0
 276  368    0    0
 277  376    0    0
 278  379    0    0
 279  382    0    0
 280  385    0    0
 281  393    0    0
 282  396    0    0
 283  399    0    0
 284  402    0    0
 285  410    0    0
 286  413    0    0
 287  416    0    0
 288  419    0    0
 289  427    0    0
 290  430    0    0
 291  433    0    0
 292  436    0    0
 293  444    0    0
 294  447    0    0
 295  450    0    0
 296  453    0    0
 297  461    0    0
 298  464    0    0
 299  467    0    0
 300  470    0    0
 301  478    0    0
 302  481    0    0
 303  484    0    0
 304  487    0    0
 305  495    0    0
 306  498    0    0
 307  501    0    0
 308  504    0    0
 309  512    0    0
 310  515    0    0
 311  518    0    0
 312  521    0    0
 313  529    0    0
 314  532    0    0
 315  535    0    0
 316  538    0    0
 317  546    0    0
 318  549    0    0
 319  552    0    0
 320  555    0    0
 321  292    0    0
 322  295    0    0
 323  298    0    0
 324  301    0    0
 325  309    0    0
 326  312    0    0
 327  315    0    0
 328  318    0    0
 329  326    0    0
 330  329    0    0
 331  332    0    0
 332  335    0    0
 333  343    0    0
 334  346    0    0
 335  349    0    0
 336  352    0    0
 337  360    0    0
 338  363    0    0
 339  366    0    0
 340  369    0    0
 341  377    0    0
 342  380    0    0
 343  383    0    0
 344  386    0    0
 345  394    0    0
 346  397    0    0
 347  400    0    0
 348  403    0    0
 349  411    0    0
 350  414    0    0
 351  417    0    0
 352  420    0    0
 353  428    0    0
 354  431    0    0
 355  434    0    0
 356  437    0    0
 357  445    0    0
 358  448    0    0
 359  451    0    0
 360  454    0    0
 361  462    0    0
 362  465    0    0
 363  468    0    0
 364  471    0    0
 365  479    0    0
 366  482    0    0
 367  485    0    0
 368  488    0    0
 369  496    0    0
 370  499    0    0
 371  502    0    0
 372  505    0    0
 373  513    0    0
 374  516    0    0
 375  519    0    0
 376  522    0    0
 377  530    0    0
 378  533    0    0
 379  536    0    0
 380  539    0    0
 381  547    0    0
 382  550    0    0
 383  553    0    0
 384  556    0    0
 385  579    0    0
 386  580    0    0
 387  581    0    0
 388  582    0    0
 389  583    0    0
 390  584    0    0
 391  585    0    0
 392  586    0    0
 393  587    0    0
 394  588    0    0
 395  589    0    0
 396  590    0    0
 397  591    0    0
 398  592    0    0
 399  593    0    0
 400  594    0    0
 401  627  740    1
 402  628  741    1
 403  629  742    1
 404  630  743    1
 405  631  744    1
 406  632  745    1
 407  633  746    1
 408  634  747    1
 409  635  748    1
 410  636  749    1
 411  637  750    1
 412  638  751    1
 413  639  752    1
 414  640  753    1
 415  641  754    1
 416  642  755    1
 417  643    0    0
 418  644    0    0
 419  645    0    0
 420  646    0    0
 421  647    0    0
 422  648    0    0
 423  649    0    0
 424  650    0    0
 425  651    0    0
 426  652    0    0
 427  653    0    0
 428  654    0    0
 429  655    0    0
 430  656    0    0
 431  657    0    0
 432  658    0    0
 433  675    0    0
 434  676    0    0
 435  677    0    0
 436  678    0    0
 437  679    0    0
 438  680    0    0
 439  681    0    0
 440  682    0    0
 441  683    0    0
 442  684    0    0
 443  685    0    0
 444  686    0    0
 445  687    0    0
 446  688    0    0
 447  689    0    0
 448  690    0    0
 449  595    0    0
 450  596    0    0
 451  597    0    0
 452  598    0    0
 453  599    0    0
 454  600    0    0
 455  601    0    0
 456  602    0    0
 457  603    0    0
 458  604    0    0
 459  605    0    0
 460  606    0    0
 461  607    0    0
 462  608    0    0
 463  609    0    0
 464  610    0    0
 465  643    0    0
 466  644    0    0
 467  645    0    0
 468  646    0    0
 469  647    0    0
 470  648    0    0
 471  649    0    0
 472  650    0    0
 473  651    0    0
 474  652    0    0
 475  653    0    0
 476  654    0    0
 477  655    0    0
 478  656    0    0
 479  657    0    0
 480  658    0    0
 481  659  740    1
 482  660  741    1
 483  661  742    1
 484  662  743    1
 485  663  744    1
 486  664  745    1
 487  665  746    1
 488  666  747    1
 489  667  748    1
 490  668  749    1
 491  669  750    1
 492  670  751    1
 493  671  752    1
 494  672  753    1
 495  673  754    1
 496  674  755    1
 497  691    0    0
 498  692    0    0
 499  693    0    0
 500  694    0    0
 501  695    0    0
 502  696    0    0
 503  697    0    0
 504  698    0    0
 505  699    0    0
 506  700    0    0
 507  701    0    0
 508  702    0    0
 509  703    0    0
 510  704    0    0
 511  705    0    0
 512  706    0    0
 513  611    0    0
 514  612    0    0
 515  613    0    0
 516  614    0    0
 517  615    0    0
 518  616    0    0
 519  617    0    0
 520  618    0    0
 521  619    0    0
 522  620    0    0
 523  621    0    0
 524  622    0    0
 525  623    0    0
 526  624    0    0
 527  625    0    0
 528  626    0    0
 529  675    0    0
 530  676    0    0
 531  677    0    0
 532  678    0    0
 533  679    0    0
 534  680    0    0
 535  681    0    0
 536  682    0    0
 537  683    0    0
 538  684    0    0
 539  685    0    0
 540  686    0    0
 541  687    0    0
 542  688    0    0
 543  689    0    0
 544  690    0    0
 545  691    0    0
 546  692    0    0
 547  693    0    0
 548  694    0    0
 549  695    0    0
 550  696    0    0
 551  697    0    0
 552  698    0    0
 553  699    0    0
 554  700    0    0
 555  701    0    0
 556  702    0    0
 557  703    0    0
 558  704    0    0
 559  705    0    0
 560  706    0    0
 561  707  740    1
 562  708  741    1
 563  709  742    1
 564  710  743    1
 565  711  744    1
 566  712  745    1
 567  713  746    1
 568  714  747    1
 569  715  748    1
 570  716  749    1
 571  717  750    1
 572  718  751    1
 573  719  752    1
 574  720  753    1
 575  721  754    1
 576  722  755    1
