Title:
MONDO Estane

Options:
Geom=InAngst 
MaxSiz=Gigantor
Multip=1 
Guess=Ortho
SCF=(LNV,DIIS)
MaxSCF=12
MaxCG =7
MaxPur=14
OvlpExpts=35
TrixExpts=35
MultExpts=46
TwoEExpts=67
DTolExpts=23
ETolExpts=35
Basis=(STO-2G,STO-3G)
Print=(Coords,Basis,Timing,Sparsity,Thresh)
                                                                        
$geom
 C   29.979963713    5.770528449  -19.243495673
 H   29.722861324    4.934196724  -19.911592492
 H   29.416562321    6.656525430  -19.584523117
 C   31.492464871    6.061644325  -19.258683505
 H   31.817990173    6.211870359  -20.303208203
 H   31.655904401    7.030968850  -18.753808085
 C   32.417994058    5.023884452  -18.580391603
 H   33.465242499    5.358643145  -18.689602658
 H   32.213676403    5.055734768  -17.494254237
 C   32.331903777    3.553080848  -19.032226375
 H   31.298140209    3.168410490  -19.036191148
 H   32.903505210    2.936806114  -18.321654497
 C   32.213753705    3.417828677  -21.428617086
 O   31.050531450    3.721198694  -21.466677265
 O   32.947800022    3.366472455  -20.308863597
 N   32.983176269    3.071519122  -22.445758313
 H   33.873295268    2.685695066  -22.235127239
 C   32.606182304    2.146171444  -26.043331890
 H   32.965959124    1.358506206  -26.722172411
 C   31.755781835    3.139818804  -26.533809077
 C   31.324326123    4.116167549  -25.636058568
 H   30.645879006    4.911717218  -25.981769249
 C   31.728706132    4.100254890  -24.309544844
 H   31.357500506    4.899179575  -23.651914900
 C   32.569616197    3.104997572  -23.812266691
 C   32.997592355    2.130514128  -24.710887779
 H   33.653530803    1.316002870  -24.373519957
 C   31.322238148    3.179288451  -27.985782541
 H   32.216104829    3.302404380  -28.619486585
 H   30.705960959    4.074054710  -28.177975026
 C   30.839384862    1.295316395  -29.605512587
 H   31.647289430    1.682952726  -30.244137574
 C   30.133560646    0.170489988  -30.008962370
 H   30.429467557   -0.300474713  -30.955184223
 C   29.097332128   -0.360253292  -29.239429269
 C   28.795003824    0.304023248  -28.050490131
 H   27.983374884   -0.063857146  -27.408704089
 C   29.492908874    1.432860073  -27.642703626
 H   29.219638049    1.929420457  -26.699007026
 C   30.542734168    1.946578035  -28.407145336
 N   28.395422996   -1.546955483  -29.586863079
 H   27.922182271   -1.982576558  -28.829249920
 C   28.314449872   -2.111105462  -30.778870121
 O   28.657779972   -1.650521367  -31.837204296
 O   27.785613388   -3.336913892  -30.625282338
 C   32.713308997   -0.483591380  -21.835596282
 H   33.766959445   -0.723301761  -22.054467544
 H   32.462165785    0.429510048  -22.397024298
 C   32.477530846   -0.256418719  -20.329203025
 H   32.783459809   -1.151543769  -19.763342779
 H   33.153247386    0.550740877  -19.998077940
 C   31.045494107    0.162394116  -19.945378349
 H   31.102182305    0.763994895  -19.022698561
 H   30.665563943    0.844671437  -20.725266241
 C   30.032412631   -0.966220964  -19.723892683
 H   30.293169353   -1.605774036  -18.866301812
 H   29.955437169   -1.618559854  -20.604740753
 C   28.470438817    0.288800154  -18.376599686
 O   29.141381983    0.198534769  -17.381842206
 O   28.734606730   -0.393043955  -19.516511245
 C   27.211078997    1.174308721  -18.550354493
 H   26.423418620    0.657589439  -17.977853298
 H   27.455282709    2.081949453  -17.979777895
 C   26.733884089    1.485801728  -19.981518955
 H   26.445203588    0.541694856  -20.477654012
 H   25.810389447    2.088672138  -19.902926855
 C   27.746419449    2.240096075  -20.859332279
 H   27.985017905    3.215822388  -20.401581368
 H   28.693932170    1.681821745  -20.894985610
 C   27.258389607    2.459181919  -22.302691829
 H   26.473565820    3.225882007  -22.356403364
 H   26.865212567    1.518548014  -22.719340692
 C   28.351513063    2.981149453  -23.212888895
 O   28.411985316    4.024551097  -23.796390792
 O   29.345003818    2.072231284  -23.333983136
 H   30.042420919    2.513860615  -23.808672321
 C   32.678229177   -3.171928829  -26.205761433
 H   31.932706638   -2.452582230  -25.830428299
 H   33.161234140   -2.742541508  -27.097177489
 C   32.061652362   -4.538810128  -26.496294870
 H   32.879272867   -5.258849495  -26.672664114
 H   31.551255154   -4.888888310  -25.582205272
 C   31.089232140   -4.637686419  -27.684313548
 H   31.645245467   -4.444288893  -28.618632224
 H   30.747779231   -5.685125235  -27.751678229
 C   29.850647289   -3.736969219  -27.628303652
 H   29.156373055   -4.001567166  -28.442567879
 H   30.132038711   -2.676033395  -27.731911423
 C   28.077584646   -3.215841845  -26.113788114
 O   27.515348716   -2.541769278  -26.934524729
 O   29.198421776   -3.926399764  -26.380374988
 C   27.653741608   -3.396375664  -24.632981306
 H   27.315673345   -2.390974649  -24.335523449
 H   26.744555924   -4.015943192  -24.679978438
 C   28.685753542   -3.989819558  -23.655262447
 H   28.162192894   -4.242358595  -22.716236260
 H   29.076052309   -4.939829983  -24.057984678
 C   29.848397278   -3.047563959  -23.326515779
 H   30.300886189   -2.662157894  -24.255974233
 H   29.447359481   -2.167004888  -22.793629774
 C   30.949013177   -3.713059003  -22.486899541
 H   31.460908478   -4.519101521  -23.033864586
 H   30.557186907   -4.168902646  -21.563115670
 C   32.112334977   -2.812151864  -21.994060609
 O   33.085338554   -3.181794846  -21.396309210
 O   31.869309237   -1.526893807  -22.322222331
 C   36.272493780   -0.101760463  -19.557383693
 H   36.636351766   -0.565300030  -18.624747278
 H   35.173329638   -0.135548385  -19.525678152
 C   36.824736788   -0.866736065  -20.771845140
 H   36.367292001   -1.872110427  -20.788840597
 H   36.498143411   -0.377031381  -21.706641033
 C   38.355729673   -1.028931039  -20.788837126
 H   38.829283068   -0.036169147  -20.715460009
 H   38.679276497   -1.589305537  -19.893882034
 C   38.878138113   -1.742439378  -22.045656167
 H   39.980523279   -1.782212846  -22.052531111
 H   38.542697016   -1.214947175  -22.953630826
 C   38.641623493   -3.856234390  -23.121313297
 O   39.359803600   -3.540726837  -24.029842742
 O   38.362303978   -3.066283009  -22.060561983
 C   37.912799380   -5.187170738  -22.969777075
 H   38.028712715   -5.658203927  -23.956803001
 H   38.493557052   -5.785278225  -22.248917035
 C   36.437726193   -5.116182869  -22.525321739
 H   36.119959342   -6.155673690  -22.319003690
 H   36.351029759   -4.582317143  -21.562031607
 C   35.456252595   -4.527231892  -23.550761192
 H   35.644203198   -4.983861458  -24.539470632
 H   34.438624629   -4.847543884  -23.263485665
 C   35.431693600   -2.995205799  -23.692534258
 H   36.374046843   -2.572525993  -24.068553486
 H   35.241336440   -2.489516692  -22.734663486
 C   34.347666395   -2.402415668  -24.640075493
 O   34.123094880   -1.240155080  -24.840743117
 O   33.659776951   -3.408564010  -25.211298924
 C   40.331175430    1.292568116  -27.173984663
 H   39.364094004    0.879253281  -26.844660341
 H   40.520617800    0.901003946  -28.188296521
 C   41.458728501    0.898493860  -26.192913769
 H   41.442516084   -0.196392663  -26.046937790
 H   42.432957162    1.117733652  -26.665407798
 C   41.415403481    1.587185016  -24.809248715
 H   42.250070280    1.215010413  -24.189544412
 H   41.599218185    2.666667200  -24.948036269
 C   40.105010765    1.374019835  -24.053532044
 H   40.002290655    0.315198089  -23.769444823
 H   39.236147069    1.628678089  -24.677404614
 C   39.805220961    3.485600829  -22.943168601
 O   39.727880838    4.092042550  -23.975846294
 O   40.062190510    2.159038830  -22.853716397
 C   39.594077136    4.125518169  -21.545346009
 H   40.512016315    4.711484532  -21.376456336
 H   38.812277655    4.873126423  -21.751567802
 C   39.269386367    3.215939050  -20.328120609
 H   39.067602359    2.178335788  -20.641346929
 H   40.157104409    3.149362349  -19.673921564
 C   38.078599219    3.706264343  -19.483494770
 H   38.057498307    3.163401837  -18.521048588
 H   38.231844871    4.769921163  -19.223616423
 C   36.701294517    3.571594021  -20.162609946
 H   36.650244232    4.052469422  -21.150798098
 H   35.918814143    4.048033286  -19.547782293
 C   36.165459465    2.147372597  -20.432924454
 O   35.377577616    1.862021252  -21.293763837
 O   36.697740909    1.265026716  -19.558310174
 C   36.397648783    2.687651637  -24.720080006
 H   35.704712179    2.411242114  -23.910895470
 H   37.423295763    2.631663541  -24.330374793
 C   36.114301601    4.078107745  -25.275494603
 H   36.780855359    4.238597250  -26.142135944
 H   35.084154135    4.115732329  -25.671646254
 C   36.312197086    5.225960302  -24.270913022
 H   35.601073983    5.101476767  -23.435763903
 H   37.322290340    5.166649769  -23.830679429
 C   36.132759201    6.610651240  -24.914000369
 H   36.213681816    7.421866191  -24.171574944
 H   35.139703777    6.676218629  -25.392434160
 C   36.994682281    7.716143169  -26.852474418
 O   36.038970968    8.439916720  -26.925095432
 O   37.156873656    6.781527438  -25.891161351
 C   38.187196340    7.746245980  -27.841508356
 H   37.756614757    7.405511731  -28.797736138
 H   38.360387376    8.827907237  -27.966593269
 C   39.495501028    7.007231332  -27.496088621
 H   40.279663108    7.433277633  -28.150185826
 H   39.795330221    7.254411304  -26.461464225
 C   39.514927662    5.479685908  -27.679192337
 H   38.874814050    4.991822546  -26.924418239
 H   39.105382150    5.209609841  -28.668608965
 C   40.951707850    4.943874034  -27.559674515
 H   41.345350907    5.137315285  -26.548240139
 H   41.634084886    5.421410519  -28.278551154
 C   41.156769861    3.453082191  -27.835684812
 O   42.046724882    2.984687152  -28.491571910
 O   40.192729831    2.720049379  -27.232157305
 C   27.585313528   -4.186186502  -31.762126225
 H   27.026957453   -5.072723846  -31.419961913
 H   26.944539364   -3.659905034  -32.491428519
 C   28.915192945   -4.617029610  -32.416122900
 H   28.693913443   -5.322482265  -33.237836504
 H   29.370110794   -3.740771108  -32.911807262
 C   29.980644176   -5.254580344  -31.501200682
 H   30.896453567   -5.400933319  -32.103143439
 H   30.255207660   -4.540319722  -30.705590962
 C   29.604785810   -6.593334392  -30.869340804
 H   29.364512054   -7.342702454  -31.642908803
 H   28.739640779   -6.494666455  -30.192905891
 C   30.734639792   -8.272375311  -29.581450500
 O   29.829677903   -9.055815817  -29.714296136
 O   30.739320528   -7.040046703  -30.113736904
 N   31.818720732   -8.514240297  -28.863265181
 H   31.823013447   -9.375018419  -28.375604976
 C   34.840557113   -6.429307613  -29.641537382
 H   35.284934084   -5.913777751  -30.506095469
 C   35.506169743   -6.399081570  -28.414821280
 C   34.917231126   -7.080983065  -27.349194557
 H   35.412568824   -7.074419743  -26.366377272
 C   33.716002906   -7.761294358  -27.508927768
 H   33.295831133   -8.280562800  -26.636831093
 C   33.038950189   -7.777133689  -28.728120632
 C   33.632224867   -7.095920535  -29.789982106
 H   33.161282756   -7.094413885  -30.781848560
 C   36.834045486   -5.681515906  -28.263606846
 H   37.406072155   -5.754901966  -29.206103624
 H   37.447365282   -6.213059327  -27.519650949
 C   37.549565288   -3.653936147  -26.915714922
 H   38.304416255   -4.285512013  -26.423083399
 C   37.461947253   -2.311204018  -26.569828038
 H   38.155160273   -1.929626587  -25.807921536
 C   36.526067096   -1.466346846  -27.163198149
 C   35.707082340   -2.021504944  -28.144321754
 H   34.955795805   -1.396903965  -28.645283316
 C   35.788787018   -3.361237563  -28.494343585
 H   35.112031492   -3.752741882  -29.266334637
 C   36.704335503   -4.215899816  -27.876557934
 N   36.369747568   -0.095934317  -26.826979331
 H   35.909732016    0.457368158  -27.504263313
 C   36.637435644    0.500627431  -25.681292640
 O   37.144155655    0.036112086  -24.692011452
 O   36.244431942    1.774100344  -25.808043146
 C   19.854594822    5.066429743   -7.630237315
 H   18.961401432    5.706687099   -7.545106609
 H   19.582733968    4.064840355   -7.258165335
 H   20.096456903    4.975505472   -8.701010359
 C   21.026102091    5.647228771   -6.831421792
 H   21.292840514    6.641058274   -7.233759627
 H   20.691202269    5.819255083   -5.792047014
 C   22.273966526    4.747661861   -6.803522338
 H   22.991843809    5.156754221   -6.069821063
 H   21.986003969    3.750281424   -6.424159959
 C   22.985303428    4.580764422   -8.148129783
 H   23.381687822    5.536340935   -8.532622862
 H   22.301517196    4.176009967   -8.911978909
 C   25.234982546    4.035760696   -7.498464463
 O   25.522982183    5.183187813   -7.270258737
 O   24.050355947    3.637491017   -7.987440360
 N   25.979326360    2.956920571   -7.351297990
 H   25.589158138    2.112612339   -7.699768604
 C   29.447267421    3.754301453   -6.172971531
 H   30.029856898    4.633920076   -5.858365503
 C   30.080518901    2.519147995   -6.307699279
 C   29.296442450    1.433331598   -6.699810962
 H   29.764314133    0.442452205   -6.798140418
 C   27.951431199    1.595324461   -6.998284295
 H   27.381480200    0.717218693   -7.329070964
 C   27.325298470    2.840709778   -6.928044000
 C   28.099068584    3.906835564   -6.468873301
 H   27.676563747    4.914718293   -6.366699877
 C   31.570262191    2.367382531   -6.095886267
 H   31.762275660    1.555266806   -5.376889652
 H   31.995193427    3.274122893   -5.634134444
 C   32.082564127    2.935363905   -8.517828192
 H   31.439451883    3.821932052   -8.414751162
 C   32.691479667    2.666721401   -9.734929262
 H   32.515040875    3.354313424  -10.571719938
 C   33.528593239    1.565853544   -9.908544545
 C   33.720071837    0.736310242   -8.803618389
 H   34.363953815   -0.150347140   -8.880754560
 C   33.100831047    0.990057217   -7.586073622
 H   33.273028372    0.309386363   -6.739105629
 C   32.264938377    2.094903760   -7.416783049
 N   34.124181608    1.329724953  -11.179346993
 H   33.641068916    1.712326254  -11.958898488
 C   35.267745951    0.724343324  -11.429628857
 O   36.045875906    0.250056067  -10.641574538
 O   35.448704552    0.725363499  -12.760331662
 C   30.225645044    8.468208564  -14.738767582
 H   29.580537334    8.605176507  -15.624271675
 H   31.040028053    9.208632355  -14.807876126
 C   30.801355320    7.042919904  -14.675092808
 H   29.962320188    6.327543706  -14.694184186
 H   31.382850926    6.841112443  -15.592378837
 C   31.686695845    6.747265501  -13.446188044
 H   32.519001811    7.472124426  -13.416236645
 H   31.102575805    6.915731560  -12.523967574
 C   32.245568945    5.314147448  -13.407498057
 H   32.828955087    5.144035015  -12.486731203
 H   32.900406276    5.122320222  -14.274973765
 C   31.381788923    3.079509910  -13.426061569
 O   32.448477622    2.598249306  -13.153428754
 O   31.148960457    4.411072074  -13.446138666
 C   30.094740467    2.283480097  -13.745393235
 H   30.455425225    1.417195608  -14.318678442
 H   29.781133653    1.894871905  -12.765314156
 C   28.937599267    3.025593919  -14.429043469
 H   28.077289567    2.334069295  -14.490742006
 H   28.618033504    3.857481175  -13.780612076
 C   29.231797329    3.578795988  -15.828687154
 H   30.186801336    4.131942689  -15.827898262
 H   29.363106159    2.746371952  -16.541078902
 C   28.111540162    4.513131935  -16.310737214
 H   28.017814619    5.381514226  -15.640520766
 H   27.131512154    4.016305991  -16.345811785
 C   28.288987818    5.052156523  -17.727758137
 O   27.434250307    5.110974305  -18.567821896
 O   29.574630422    5.438085922  -17.921640016
 C   26.353884123    2.850772376  -11.592587018
 H   26.422396376    3.196205005  -12.637261654
 H   25.284027041    2.690208508  -11.371807038
 C   26.975033859    3.878496617  -10.632402464
 H   26.311691493    4.759761528  -10.569193164
 H   26.990876480    3.446728302   -9.620181060
 C   28.399126428    4.358764017  -10.974348775
 H   29.053345292    3.488573391  -11.148462617
 H   28.381928988    4.937453759  -11.913653692
 C   29.003949427    5.235427451   -9.867578147
 H   30.020476086    5.576200860  -10.125998989
 H   29.054840617    4.674816281   -8.920881533
 C   28.278715332    7.156171844   -8.629150969
 O   29.029964497    6.961299105   -7.713624521
 O   28.164384147    6.367692943   -9.717427010
 C   27.330919393    8.320673467   -8.819358813
 H   26.392925089    8.044216544   -9.326817285
 H   27.094160624    8.639393220   -7.793060712
 C   28.030000847    9.475913007   -9.569260271
 H   27.297169195   10.294993275   -9.687651780
 H   28.827932603    9.878168426   -8.917784011
 C   28.645266372    9.152394483  -10.945618896
 H   29.161666242   10.058353666  -11.313194303
 H   29.435905124    8.388732011  -10.828552369
 C   27.648125928    8.686003601  -12.017700785
 H   26.934408540    9.486258734  -12.273586874
 H   27.043460143    7.818654619  -11.712547454
 C   28.244412677    8.231169557  -13.373058028
 O   27.698465811    7.509318415  -14.161093186
 O   29.474491941    8.763278818  -13.554476442
 C   27.693102704   -5.978595638  -19.836424323
 H   27.518506851   -6.844485355  -19.175154076
 H   28.780120438   -5.849493790  -19.972700383
 C   27.066219883   -4.713386057  -19.254964546
 H   27.139099279   -3.896319014  -19.996350872
 H   25.987977146   -4.890764369  -19.091261214
 C   27.720527306   -4.252237171  -17.943415218
 H   27.731331690   -5.084947522  -17.217737953
 H   28.776804891   -3.994725629  -18.142255596
 C   27.023205840   -3.049252977  -17.312648352
 H   25.992121339   -3.300206168  -17.010206898
 H   26.982930747   -2.206152869  -18.022743652
 C   27.394724935   -1.541150130  -15.507868936
 O   26.482109337   -0.831622348  -15.832108962
 O   27.765544636   -2.665554016  -16.161148935
 C   28.325607397   -1.338103484  -14.322229098
 H   29.089125903   -2.118358536  -14.170333841
 H   28.851451468   -0.398627679  -14.559805616
 C   27.513798418   -1.127520861  -13.031333548
 H   26.803632014   -0.297153280  -13.195038304
 H   26.904347383   -2.025283295  -12.824048633
 C   28.408334657   -0.828006271  -11.819577913
 H   29.058137927   -1.702231965  -11.630396180
 H   29.087548007    0.008223331  -12.051183786
 C   27.655104037   -0.512588705  -10.518283580
 H   28.354561989   -0.396012523   -9.673400139
 H   26.955636263   -1.311022526  -10.224336731
 C   26.782401250    0.769312828  -10.458098352
 O   25.966805985    0.989532839   -9.603669403
 O   27.056347330    1.605706039  -11.486192579
 C   24.742491682  -11.373971654  -29.436629574
 H   24.560347924  -11.878744294  -30.401068232
 H   25.833792338  -11.355377833  -29.278269985
 C   24.041103907  -12.107107935  -28.276509906
 H   23.010902738  -12.359284548  -28.587414252
 H   24.542658086  -13.078228096  -28.117849433
 C   23.958597265  -11.364318674  -26.920395200
 H   23.185056095  -10.579997248  -26.997447528
 H   23.587958294  -12.079949744  -26.163931880
 C   25.258182646  -10.732115797  -26.413831402
 H   25.580596758   -9.882731476  -27.039264504
 H   26.075993502  -11.472005432  -26.412362933
 C   24.338900506   -9.187971078  -24.799240617
 O   23.830107293   -8.486490152  -25.628883963
 O   25.083893766  -10.284258658  -25.061401810
 C   24.276964369   -9.026959789  -23.283354683
 H   23.308582815   -9.473632081  -22.997980878
 H   25.047558877   -9.597573334  -22.737650995
 C   24.281276761   -7.554621650  -22.827363117
 H   23.328102825   -7.082195501  -23.128599233
 H   24.288597656   -7.546002938  -21.722391846
 C   25.438595675   -6.687901585  -23.358817872
 H   25.264278368   -6.504391990  -24.433275871
 H   25.395245438   -5.688204892  -22.889348741
 C   26.855191989   -7.274853574  -23.206848142
 H   27.566791085   -6.693533920  -23.812520844
 H   26.936962793   -8.317151319  -23.545690876
 C   27.464803960   -7.314283960  -21.803828368
 O   28.186438411   -8.175116824  -21.377989151
 O   27.094900892   -6.219001087  -21.102934611
 C   29.958557052   -7.681012708  -25.555437697
 H   29.680336817   -6.615348079  -25.553629712
 H   30.911034900   -7.780220037  -26.101069847
 C   28.870519344   -8.553674369  -26.198599300
 H   29.349342239   -9.465646307  -26.595681124
 H   28.152812186   -8.906052778  -25.436658667
 C   28.086098358   -7.840880647  -27.317870696
 H   28.787578202   -7.305775312  -27.977083858
 H   27.572211178   -8.587657004  -27.948896108
 C   27.050984675   -6.850662235  -26.793118572
 H   27.519494275   -6.089042101  -26.150974495
 H   26.283781984   -7.381631616  -26.207841771
 C   25.473925873   -5.276066597  -27.620450365
 O   25.241900227   -4.850583661  -26.522311501
 O   26.421100990   -6.209025619  -27.893282510
 C   24.777475478   -4.887700054  -28.906118227
 H   24.398845890   -3.875370667  -28.699218258
 H   25.458613470   -4.841880557  -29.767623800
 C   23.598682052   -5.832112953  -29.220635560
 H   22.845718524   -5.749897741  -28.415607656
 H   23.109758957   -5.460714438  -30.139893241
 C   23.973214459   -7.309535626  -29.407457274
 H   24.783719039   -7.400792000  -30.152679042
 H   24.371861929   -7.705639795  -28.455993859
 C   22.790800655   -8.191292853  -29.833214646
 H   22.380105405   -7.918967740  -30.818308178
 H   21.951573075   -8.124512194  -29.121159380
 C   23.056960961   -9.718794601  -29.950832092
 O   22.275805555  -10.529416266  -30.365934649
 O   24.301992648  -10.016261565  -29.519596726
 C   36.683879244    0.245515696  -13.294070567
 H   37.478071636    0.974494042  -13.060420535
 H   36.943046643   -0.714487730  -12.813836811
 C   36.537954372    0.037326357  -14.814112028
 H   37.486379182   -0.381816613  -15.195556573
 H   35.781439109   -0.749544693  -14.985223708
 C   36.200927175    1.282430293  -15.666907299
 H   36.859746458    2.115520139  -15.364223626
 H   36.465707850    1.062670894  -16.716081112
 C   34.736074709    1.753017723  -15.654965093
 H   34.609885558    2.614218472  -16.333372737
 H   34.409726467    2.058946201  -14.649490434
 C   32.602752475    0.885633763  -16.307930132
 O   32.087168091    1.972862624  -16.236597515
 O   33.910372799    0.673198702  -16.106743004
 N   31.944996174   -0.223202358  -16.593862458
 H   30.964033289   -0.100841581  -16.710361334
 C   33.939794665   -3.299244765  -17.432961532
 H   34.942076473   -3.561406992  -17.803458641
 C   33.017513291   -4.316425559  -17.187690034
 C   31.753298747   -3.937768354  -16.733977194
 H   30.999769427   -4.713426499  -16.533150077
 C   31.433538924   -2.600806697  -16.540158778
 H   30.422497795   -2.351515736  -16.195992570
 C   32.351808905   -1.578006486  -16.775581413
 C   33.613230357   -1.964943842  -17.228554174
 H   34.379893477   -1.218357783  -17.463571305
 C   33.378130941   -5.771567466  -17.399245599
 H   33.064012014   -6.363617893  -16.524838432
 H   34.472588983   -5.892446839  -17.440695241
 C   33.284665211   -6.019467152  -19.919441299
 H   34.156626866   -5.351347221  -19.990418903
 C   32.710663135   -6.515477174  -21.082640708
 H   33.173208744   -6.222492023  -22.031873662
 C   31.580698577   -7.331996653  -21.054136743
 C   31.079458269   -7.657704214  -19.792730035
 H   30.198627257   -8.308435944  -19.707720358
 C   31.647279302   -7.166365935  -18.624725120
 H   31.213391381   -7.439827197  -17.651570411
 C   32.758659725   -6.324929470  -18.664229853
 N   30.912386721   -7.812411000  -22.208408113
 H   30.113214683   -8.364264544  -21.999169180
 C   31.125465487   -7.533399444  -23.479647637
 O   32.013826071   -6.882261395  -23.963696777
 O   30.133638999   -8.095672182  -24.195726594

$end
