Title:
MONDO Estane

Options:
Geom=InAngst 
MaxSiz=Gigantor
Multip=1 
Guess=Ortho
SCF=(LNV,DIIS)
MaxSCF=12
MaxCG =7
MaxPur=14
OvlpExpts=35
TrixExpts=35
MultExpts=46
TwoEExpts=67
DTolExpts=23
ETolExpts=35
Basis=(STO-2G,STO-3G)
Print=(Coords,Basis,Timing,Sparsity,Thresh)
                                                                        
$geom
 C   35.492880365   -2.725731142  -14.961088752
 H   35.691369809   -2.203996322  -14.011024873
 H   36.440049336   -3.166537290  -15.310601114
 H   34.799121631   -3.555528511  -14.748697245
 C   34.897366793   -1.768550393  -15.999209570
 H   34.699960583   -2.322458684  -16.934802633
 H   33.911277415   -1.426506243  -15.635138035
 C   35.762499572   -0.533331408  -16.311717229
 H   35.192723994    0.133945097  -16.984812855
 H   35.928810730    0.041524450  -15.382852285
 C   37.112001845   -0.835162013  -16.962909018
 H   36.977015764   -1.395025991  -17.904681350
 H   37.769868538   -1.418025575  -16.296994651
 C   38.886623102    0.418585159  -17.952699404
 O   39.461668410   -0.579386245  -18.304083200
 O   37.742133176    0.418115809  -17.249675479
 N   39.212076045    1.675338720  -18.178902611
 H   38.581426453    2.361289813  -17.834367038
 C   41.247230914    4.192757884  -19.981786869
 H   41.355025712    5.287680577  -19.989039072
 C   41.890129720    3.437547637  -20.963108875
 C   41.752718249    2.049732318  -20.902686691
 H   42.265869282    1.423364172  -21.648291466
 C   40.925907846    1.450400213  -19.961757216
 H   40.811161368    0.359874531  -20.011196082
 C   40.202679301    2.208429671  -19.039980519
 C   40.431605442    3.585607721  -19.038073552
 H   39.903867235    4.223488932  -18.315818628
 C   42.604043119    4.106559132  -22.115504672
 H   43.319095726    3.414020934  -22.591097448
 H   43.208122427    4.949351675  -21.746587339
 C   41.613200565    5.869661674  -23.671657188
 H   42.410166618    6.561520550  -23.360050409
 C   40.650299215    6.299863535  -24.578998292
 H   40.711286290    7.332885096  -24.947474085
 C   39.605597853    5.467767826  -24.979437706
 C   39.591093963    4.174881535  -24.460340958
 H   38.787748165    3.478454462  -24.739256243
 C   40.557325336    3.734039849  -23.572229936
 H   40.499063523    2.700787651  -23.198722354
 C   41.582076398    4.578966262  -23.136523959
 N   38.546900790    5.858327067  -25.826640055
 H   37.803640014    5.200720574  -25.773083507
 C   38.344015477    6.951933243  -26.538471105
 O   39.116939963    7.853014190  -26.741645487
 O   37.085360850    6.895780213  -27.005487239
 C   33.745318957    0.207076586  -21.889533371
 H   32.913050687   -0.515953842  -21.893064204
 H   34.633690961   -0.313773905  -22.280931597
 C   34.011403036    0.753862479  -20.473593682
 H   33.045897298    1.042161540  -20.019264617
 H   34.406112131   -0.055362238  -19.833434290
 C   34.960259488    1.967365846  -20.398754712
 H   34.512315703    2.797576677  -20.973720837
 H   34.999172094    2.318744624  -19.352351118
 C   36.389991718    1.726867338  -20.897064731
 H   36.396145683    1.132563788  -21.825220099
 H   37.007677386    1.190587260  -20.158502291
 C   37.318722248    3.859598630  -20.230605978
 O   37.249356049    3.629667754  -19.053905546
 O   36.995887871    2.988133120  -21.209390646
 C   37.764154779    5.166811467  -20.873258861
 H   37.916979223    5.837692203  -20.016159515
 H   38.737147359    5.003963426  -21.362795344
 C   36.753275512    5.736681423  -21.881804327
 H   36.606771503    5.013591112  -22.705066712
 H   35.772422440    5.857861355  -21.387961698
 C   37.199100266    7.076076761  -22.478518085
 H   37.373119813    7.809175957  -21.670747954
 H   38.170070918    6.934062405  -22.984743830
 C   36.185363260    7.651064953  -23.475336365
 H   35.228405691    7.926071922  -23.005117811
 H   35.939924333    6.926303243  -24.268772583
 C   36.601640329    8.924688150  -24.244608899
 O   35.899001039    9.625073092  -24.913901953
 O   37.913649644    9.212378129  -24.119489455
 H   38.082630209    9.955967898  -24.689103095
 C   39.497313041    1.586952928  -27.765949068
 H   40.036306397    0.718107301  -28.180164684
 H   38.998853049    1.271438383  -26.835679026
 C   38.496215941    2.118234410  -28.812402860
 H   39.069421716    2.636034541  -29.601970692
 H   38.017975533    1.260950820  -29.319264099
 C   37.373303591    3.034003225  -28.286304925
 H   37.805852519    3.884576964  -27.734088798
 H   36.842601462    3.464537527  -29.155299778
 C   36.350894167    2.295643625  -27.416764960
 H   36.778134375    1.951046387  -26.459727685
 H   35.984022409    1.402215847  -27.950438621
 C   35.257211284    4.057946526  -26.182470491
 O   36.228463947    4.279755441  -25.511987288
 O   35.213557710    3.129631309  -27.163362552
 C   33.900761822    4.755423327  -26.043200539
 H   33.968030430    5.252300650  -25.064861968
 H   33.876174648    5.551968894  -26.804507677
 C   32.664596098    3.846554525  -26.174757898
 H   31.763113983    4.479655790  -26.076262554
 H   32.632211983    3.437415455  -27.199514540
 C   32.586614328    2.687003926  -25.164366763
 H   31.755265776    2.017946076  -25.453887827
 H   33.504520549    2.076095088  -25.233254331
 C   32.363581536    3.137624714  -23.710668271
 H   31.395238398    3.643786151  -23.585183378
 H   33.156675878    3.830456045  -23.387571952
 C   32.296735004    1.990713191  -22.706797503
 O   31.388885671    1.766806003  -21.955084946
 O   33.438292423    1.270657373  -22.803071306
 C   38.051232570    6.982744173  -33.092639250
 H   38.284486765    7.789577978  -32.379077231
 H   37.260537381    7.340340943  -33.772535063
 C   37.607375518    5.705965696  -32.363133846
 H   36.751760289    5.923896037  -31.701390883
 H   37.227244235    5.000317741  -33.120840578
 C   38.720382809    5.006669147  -31.559411166
 H   38.336855367    4.046761049  -31.176847849
 H   39.534508183    4.744823571  -32.257954234
 C   39.292674142    5.798307178  -30.379724506
 H   38.643643619    5.694422957  -29.496248998
 H   39.393948547    6.876871305  -30.585111776
 C   41.662089036    5.692820627  -30.726033647
 O   41.617869186    6.494200208  -31.620410110
 O   40.576411095    5.262542781  -30.038379221
 C   42.966133533    5.033174542  -30.207661043
 H   43.419100400    4.628949620  -31.127894470
 H   43.599622640    5.888124273  -29.919939768
 C   42.868955341    3.971768406  -29.098657991
 H   42.153741662    3.191393089  -29.412781370
 H   43.854892588    3.477205141  -29.028197103
 C   42.508906026    4.510223242  -27.706642521
 H   43.235300070    5.296670512  -27.430593998
 H   41.517789695    4.996370342  -27.703590203
 C   42.554172061    3.429873136  -26.615477396
 H   42.479008298    3.865921084  -25.608982792
 H   43.502474621    2.867912841  -26.618329353
 C   41.477344201    2.311290946  -26.629368033
 O   41.553255842    1.304602476  -25.977602704
 O   40.451101661    2.601687996  -27.469069842
 C   39.535058988   -2.246812737  -35.261851053
 H   39.241857253   -2.936306544  -36.070100988
 H   39.197345766   -2.688760108  -34.310518021
 C   38.937951174   -0.845168897  -35.498087687
 H   37.851665337   -0.864026136  -35.300463981
 H   39.367849405   -0.147835130  -34.761857750
 C   39.168556505   -0.298433493  -36.920357801
 H   40.232391461   -0.401127017  -37.196091738
 H   38.620925832   -0.946228798  -37.628259535
 C   38.725394335    1.166072959  -37.129443764
 H   37.691368091    1.307479206  -36.772236365
 H   38.742011291    1.444776758  -38.197459720
 C   40.814625764    2.331278669  -36.853995994
 O   41.297194231    1.830908743  -37.832005182
 O   39.566085713    2.072566851  -36.397633706
 C   41.497064708    3.341488200  -35.948277424
 H   41.612425562    2.918341682  -34.939368189
 H   42.497760718    3.439192810  -36.394295027
 C   40.786394341    4.705295495  -35.880895551
 H   40.671196774    5.099335380  -36.906581143
 H   39.769217137    4.581499945  -35.470613305
 C   41.589951822    5.699102365  -35.026958109
 H   41.564946976    5.379494922  -33.969861805
 H   42.651458996    5.639181871  -35.333385797
 C   41.192345432    7.182812781  -35.132319279
 H   41.152826129    7.540742972  -36.173948112
 H   41.937813920    7.822692119  -34.629081349
 C   39.848131901    7.673271178  -34.526856744
 O   39.423718143    8.790547210  -34.652737355
 O   39.217726996    6.686970953  -33.852891393
 C   44.590966257    1.399196664  -31.489728740
 H   44.928880898    1.623651525  -32.511972813
 H   44.465687530    2.352530007  -30.953498641
 C   45.579838166    0.505599190  -30.719256534
 H   46.459381256    1.108191875  -30.427759274
 H   45.100435072    0.217912139  -29.764928115
 C   46.086309971   -0.769481707  -31.426070561
 H   46.529958421   -1.414291453  -30.645586445
 H   45.245271925   -1.352248054  -31.840184649
 C   47.158906122   -0.536032459  -32.515695823
 H   47.744193594   -1.452118285  -32.708042876
 H   47.877612805    0.233617912  -32.186611380
 C   46.177985364   -0.983589689  -34.665207871
 O   46.249047522   -2.173607118  -34.529755470
 O   46.559370778   -0.080406787  -33.731725307
 C   45.655522511   -0.245004992  -35.884238136
 H   46.435713321    0.435922424  -36.260583225
 H   45.501904566   -1.039309971  -36.628651050
 C   44.359309469    0.554836745  -35.622258728
 H   44.487411387    1.179166256  -34.720676508
 H   44.232848496    1.267846578  -36.458908487
 C   43.057804546   -0.260851189  -35.511668755
 H   42.244116032    0.443626387  -35.259743786
 H   42.809995908   -0.667653983  -36.509140161
 C   43.048347617   -1.407461297  -34.484547435
 H   43.460884280   -1.108948889  -33.511696769
 H   43.627273575   -2.270477926  -34.848627226
 C   41.647499684   -1.896026670  -34.128416469
 O   41.217578924   -2.022445400  -33.013459987
 O   40.960978730   -2.138541102  -35.271151543
 C   36.464627931    7.968630680  -27.715588526
 H   35.426002835    8.021876369  -27.353915712
 H   36.949582768    8.926075255  -27.467353889
 C   36.522819720    7.667774417  -29.214073609
 H   37.543067335    7.886309326  -29.572013570
 H   36.359885406    6.586752181  -29.376564769
 C   35.512010976    8.444538038  -30.081883916
 H   35.681853389    9.527829093  -29.950551665
 H   35.720131188    8.233765259  -31.146227003
 C   34.035524841    8.111790688  -29.802398220
 H   33.367657243    8.664306372  -30.484519792
 H   33.762274039    8.381229364  -28.768092651
 C   32.791206291    6.098174629  -29.434790800
 O   32.001796506    6.654085402  -28.714966176
 O   33.837380411    6.706643223  -30.014011763
 N   32.740010641    4.807715235  -29.710861032
 H   32.018853432    4.312720484  -29.249172664
 C   34.658395062    3.563337205  -32.689311205
 H   34.998194893    3.934667507  -33.667653152
 C   34.913432046    2.237687429  -32.336413375
 C   34.458974639    1.805401002  -31.089961714
 H   34.645862356    0.766366748  -30.780995711
 C   33.767158134    2.661151815  -30.244217772
 H   33.421848652    2.271456484  -29.277626500
 C   33.507307309    3.985781476  -30.592863595
 C   33.973759067    4.417399247  -31.833883281
 H   33.780067557    5.443015520  -32.174986810
 C   35.634793557    1.295975807  -33.274966094
 H   35.563986232    1.659567566  -34.312466087
 H   35.126941388    0.318080276  -33.286879086
 C   38.045653597    2.060573998  -33.284246848
 H   37.739670167    2.920201305  -33.897643987
 C   39.380771924    1.913602819  -32.934478044
 H   40.077534602    2.682624291  -33.285972246
 C   39.827716246    0.818504204  -32.197192887
 C   38.862603951   -0.111350347  -31.807653781
 H   39.160970586   -1.001370768  -31.236510562
 C   37.522344957    0.039313402  -32.137011882
 H   36.794537520   -0.720404206  -31.815838334
 C   37.086008073    1.130141141  -32.888278328
 N   41.187145560    0.584651744  -31.867925565
 H   41.338700938   -0.357029734  -31.588157555
 C   42.224137603    1.401598847  -31.949732255
 O   42.221590035    2.549789955  -32.316952974
 O   43.323980935    0.735036192  -31.548971541
$end
