  1 -7761.31546747 -7763.00423916  0.227571  0.01688
  2 -7761.96460267 -7763.00423916  0.016881 -0.10674
  3 -7762.22215974 -7763.00423916 -0.106749 -0.16635
  4 -7762.32245577 -7763.00423916 -0.166354 -0.23930
  5 -7762.42788323 -7763.00423916 -0.239309 -0.31234
  6 -7762.51710208 -7763.00423916 -0.312349 -0.35849
  7 -7762.56620943 -7763.00423916 -0.358496 -0.41508
  8 -7762.61972121 -7763.00423916 -0.415083 -0.47810
  9 -7762.67166173 -7763.00423916 -0.478107 -0.54638
 10 -7762.72004689 -7763.00423916 -0.546388 -0.59271
 11 -7762.74879959 -7763.00423916 -0.592712 -0.67501
 12 -7762.79289743 -7763.00423916 -0.675015 -0.72959
 13 -7762.81785444 -7763.00423916 -0.72959  -0.82735
 14 -7762.85542580 -7763.00423916 -0.827358 -0.90454
 15 -7762.87965629 -7763.00423916 -0.904542 -0.98028
 16 -7762.89959560 -7763.00423916 -0.980287 -0.98957
 17 -7762.90181014 -7763.00423916 -0.989577 -1.07417
 18 -7762.91993890 -7763.00423916 -1.07417  -1.09967
 19 -7762.92474635 -7763.00423916 -1.09967  -1.13648
 20 -7762.93120533 -7763.00423916 -1.13648  -1.17823
 21 -7762.93789932 -7763.00423916 -1.17823  -1.22988
 22 -7762.94533809 -7763.00423916 -1.22988  -1.25004
 23 -7762.94801018 -7763.00423916 -1.25004  -1.30377
 24 -7762.95455316 -7763.00423916 -1.30377  -1.31097
 25 -7762.95537064 -7763.00423916 -1.31097  -1.33564
 26 -7762.95806942 -7763.00423916 -1.33564  -1.34726
 27 -7762.95928767 -7763.00423916 -1.34726  -1.42311
 28 -7762.96649133 -7763.00423916 -1.42311  -1.46682
 29 -7762.97010569 -7763.00423916 -1.46682  -1.50658
 30 -7762.97309193 -7763.00423916 -1.50658  -1.55553
 31 -7762.97641198 -7763.00423916 -1.55553  -1.58565
 32 -7762.97827646 -7763.00423916 -1.58565  -1.6087
 33 -7762.97961841 -7763.00423916 -1.6087   -1.62013
 34 -7762.98025780 -7763.00423916 -1.62013  -1.64663
 35 -7762.98167776 -7763.00423916 -1.64663  -1.65978
 36 -7762.98235042 -7763.00423916 -1.65978  -1.67504
 37 -7762.98310607 -7763.00423916 -1.67504  -1.70264
 38 -7762.98440761 -7763.00423916 -1.70264  -1.74123
 39 -7762.98609362 -7763.00423916 -1.74123  -1.77768
 40 -7762.98755436 -7763.00423916 -1.77768  -1.79336
 41 -7762.98814591 -7763.00423916 -1.79336  -1.82523
 42 -7762.98928469 -7763.00423916 -1.82523  -1.77164
 43 -7762.98732058 -7763.00423916 -1.77164  -1.8141
 44 -7762.98889644 -7763.00423916 -1.8141   -1.85774
 45 -7762.99036344 -7763.00423916 -1.85774  -1.88386
 46 -7762.99117321 -7763.00423916 -1.88386  -1.90397
 47 -7762.99176460 -7763.00423916 -1.90397  -1.92102
 48 -7762.99224477 -7763.00423916 -1.92102  -1.95541
 49 -7762.99315778 -7763.00423916 -1.95541  -1.98078
 50 -7762.99378656 -7763.00423916 -1.98078  -1.98538
 51 -7762.99389687 -7763.00423916 -1.98538  -2.03881
 52 -7762.99509407 -7763.00423916 -2.03881  -2.07716
 53 -7762.99586689 -7763.00423916 -2.07716  -2.09541
 54 -7762.99621157 -7763.00423916 -2.09541  -2.11607
 55 -7762.99658441 -7763.00423916 -2.11607  -2.15684
 56 -7762.99727028 -7763.00423916 -2.15684  -2.1563
 57 -7762.99726171 -7763.00423916 -2.1563   -2.24455
 58 -7762.99854475 -7763.00423916 -2.24455  -2.30232
 59 -7762.99925395 -7763.00423916 -2.30232  -2.31305
 60 -7762.99937563 -7763.00423916 -2.31305  -2.38924
 61 -7763.00015818 -7763.00423916 -2.38924  -2.48283
 62 -7763.00094937 -7763.00423916 -2.48283  -2.55812
 63 -7763.00147300 -7763.00423916 -2.55812  -2.61035
 64 -7763.00178644 -7763.00423916 -2.61035  -2.71746
 65 -7763.00232252 -7763.00423916 -2.71746  -2.80669
 66 -7763.00267850 -7763.00423916 -2.80669  -2.82363
 67 -7763.00273819 -7763.00423916 -2.82363  -2.93344
 68 -7763.00307352 -7763.00423916 -2.93344  -3.05965
 69 -7763.00336750 -7763.00423916 -3.05965  -3.12153
 70 -7763.00348325 -7763.00423916 -3.12153  -3.17266
 71 -7763.00356720 -7763.00423916 -3.17266  -3.20986
 72 -7763.00362236 -7763.00423916 -3.20986  -3.24983
 73 -7763.00367660 -7763.00423916 -3.24983  -3.25263
 74 -7763.00368021 -7763.00423916 -3.25263  -3.26381
 75 -7763.00369442 -7763.00423916 -3.26381  -3.26802
 76 -7763.00369968 -7763.00423916 -3.26802  -3.37617
 77 -7763.00381860 -7763.00423916 -3.37617  -3.42131
 78 -7763.00386012 -7763.00423916 -3.42131  -3.47308
 79 -7763.00390271 -7763.00423916 -3.47308  -3.51864
 80 -7763.00393622 -7763.00423916 -3.51864  -3.52681
 81 -7763.00394186 -7763.00423916 -3.52681  -3.61899
 82 -7763.00399872 -7763.00423916 -3.61899  -3.65944
 83 -7763.00402010 -7763.00423916 -3.65944  -3.69776
 84 -7763.00403860 -7763.00423916 -3.69776  -3.74386
 85 -7763.00405880 -7763.00423916 -3.74386  -3.78065
 86 -7763.00407345 -7763.00423916 -3.78065  -3.79572
 87 -7763.00407910 -7763.00423916 -3.79572  -3.84442
 88 -7763.00409608 -7763.00423916 -3.84442  -3.92544
 89 -7763.00412043 -7763.00423916 -3.92544  -3.93152
 90 -7763.00412208 -7763.00423916 -3.93152  -4.01408
 91 -7763.00414235 -7763.00423916 -4.01408  -4.05017
 92 -7763.00415007 -7763.00423916 -4.05017  -4.07479
 93 -7763.00415498 -7763.00423916 -4.07479  -4.10924
 94 -7763.00416140 -7763.00423916 -4.10924  -4.13942
 95 -7763.00416662 -7763.00423916 -4.13942  -4.18349
 96 -7763.00417362 -7763.00423916 -4.18349  -4.21396
 97 -7763.00417806 -7763.00423916 -4.21396  -4.22907
 98 -7763.00418015 -7763.00423916 -4.22907  -4.25438
 99 -7763.00418349 -7763.00423916 -4.25438  -4.29904
100 -7763.00418893 -7763.00423916 -4.29904  -4.34409
101 -7763.00419388 -7763.00423916 -4.34409  -4.36061
102 -7763.00419557 -7763.00423916 -4.36061  -4.40682
103 -7763.00419997 -7763.00423916 -4.40682  -4.41139
104 -7763.00420038 -7763.00423916 -4.41139  -4.46369
105 -7763.00420478 -7763.00423916 -4.46369  -4.48678
106 -7763.00420656 -7763.00423916 -4.48678  -4.49607
107 -7763.00420725 -7763.00423916 -4.49607  -4.51414
108 -7763.00420855 -7763.00423916 -4.51414  -4.56273
109 -7763.00421179 -7763.00423916 -4.56273  -4.57545
110 -7763.00421258 -7763.00423916 -4.57545  -4.61834
111 -7763.00421508 -7763.00423916 -4.61834  -4.76145
112 -7763.00422184 -7763.00423916 -4.76145  -4.77832
113 -7763.00422250 -7763.00423916 -4.77832  -4.83298
114 -7763.00422447 -7763.00423916 -4.83298  -4.83624
115 -7763.00422458 -7763.00423916 -4.83624  -4.89483
116 -7763.00422642 -7763.00423916 -4.89483  -4.98464
117 -7763.00422880 -7763.00423916 -4.98464  -5.00349
118 -7763.00422924 -7763.00423916 -5.00349  -5.1261
119 -7763.00423168 -7763.00423916 -5.1261   -5.1343
120 -7763.00423182 -7763.00423916 -5.1343   -5.28819
121 -7763.00423401 -7763.00423916 -5.28819  -5.43652
