1  -7647.11588823 -7649.44320162 2.32731    0.000304246  0.0      -3.51677 -3.80909
2  -7648.25599292 -7649.44320162 1.18721    0.000155202  0.301029 -3.80909 -3.91648
3  -7648.51606218 -7649.44320162 0.927139   0.000121203  0.47712  -3.91648 -3.99589
4  -7648.67099515 -7649.44320162 0.772206   0.000100949  0.602059 -3.99589 -4.06888
5  -7648.79045911 -7649.44320162 0.652743   8.53321e-05  0.698969 -4.06888 -4.15665
6  -7648.90990223 -7649.44320162 0.533299   6.97174e-05  0.77815  -4.15665 -4.23448
7  -7648.99740579 -7649.44320162 0.445796   5.82782e-05  0.845096 -4.23448 -4.29655
8  -7649.05677250 -7649.44320162 0.386429   5.05173e-05  0.903088 -4.29655 -4.36599
9  -7649.11387160 -7649.44320162 0.32933    4.30528e-05  0.95424  -4.36599 -4.4341
10 -7649.16167516 -7649.44320162 0.281526   3.68035e-05  0.999998 -4.4341  -4.47845
11 -7649.18900647 -7649.44320162 0.254195   3.32305e-05  1.04139  -4.47845 -4.52139
12 -7649.21293572 -7649.44320162 0.230266   3.01023e-05  1.07918  -4.52139 -4.55791
13 -7649.23150853 -7649.44320162 0.211693   2.76743e-05  1.11394  -4.55791 -4.61446
14 -7649.25735065 -7649.44320162 0.185851   2.4296e-05   1.14613  -4.61446 -4.67098
15 -7649.28003056 -7649.44320162 0.163171   2.13311e-05  1.17609  -4.67098 -4.6844
16 -7649.28499533 -7649.44320162 0.158206   2.0682e-05   1.20412  -4.6844  -4.6977
17 -7649.28976813 -7649.44320162 0.153433   2.00581e-05  1.23045  -4.6977  -4.7349
18 -7649.30236217 -7649.44320162 0.140839   1.84117e-05  1.25527  -4.7349  -4.76492
19 -7649.31176979 -7649.44320162 0.131432   1.71819e-05  1.27875  -4.76492 -4.80021
20 -7649.32202787 -7649.44320162 0.121174   1.58409e-05  1.30103  -4.80021 -4.8303
21 -7649.33013772 -7649.44320162 0.113064   1.47807e-05  1.32222  -4.8303  -4.86499
22 -7649.33881922 -7649.44320162 0.104382   1.36457e-05  1.34242  -4.86499 -4.90713
23 -7649.34847069 -7649.44320162 0.0947309  1.2384e-05   1.36172  -4.90713 -4.94603
24 -7649.35658721 -7649.44320162 0.0866144  1.1323e-05   1.38021  -4.94603 -4.97956
25 -7649.36302285 -7649.44320162 0.0801788  1.04817e-05  1.39794  -4.97956 -5.02866
26 -7649.37159451 -7649.44320162 0.0716071  9.36109e-06  1.41497  -5.02866 -5.0634
27 -7649.37709915 -7649.44320162 0.0661025  8.64148e-06  1.43136  -5.0634  -5.11934
28 -7649.38508790 -7649.44320162 0.0581137  7.59712e-06  1.44715  -5.11934 -5.16696
29 -7649.39112277 -7649.44320162 0.0520788  6.80818e-06  1.46239  -5.16696 -5.1841
30 -7649.39313855 -7649.44320162 0.0500631  6.54467e-06  1.47712  -5.1841  -5.24192
31 -7649.39937866 -7649.44320162 0.043823   5.72891e-06  1.49136  -5.24192 -5.27164
32 -7649.40227729 -7649.44320162 0.0409243  5.34997e-06  1.50515  -5.27164 -5.30555
33 -7649.40535185 -7649.44320162 0.0378498  4.94805e-06  1.51851  -5.30555 -5.33414
34 -7649.40776250 -7649.44320162 0.0354391  4.6329e-06   1.53148  -5.33414 -5.34661
35 -7649.40876636 -7649.44320162 0.0344353  4.50167e-06  1.54406  -5.34661 -5.35732
36 -7649.40960484 -7649.44320162 0.0335968  4.39206e-06  1.5563   -5.35732 -5.37512
37 -7649.41095409 -7649.44320162 0.0322475  4.21567e-06  1.5682   -5.37512 -5.38249
38 -7649.41149620 -7649.44320162 0.0317054  4.1448e-06   1.57978  -5.38249 -5.38247
39 -7649.41149485 -7649.44320162 0.0317068  4.14498e-06  1.59106  -5.38247 -5.40528
40 -7649.41311740 -7649.44320162 0.0300842  3.93286e-06  1.60206  -5.40528 -5.44152
41 -7649.41552587 -7649.44320162 0.0276757  3.618e-06    1.61278  -5.44152 -5.48053
42 -7649.41790359 -7649.44320162 0.025298   3.30717e-06  1.62325  -5.48053 -5.47798
43 -7649.41775444 -7649.44320162 0.0254472  3.32667e-06  1.63346  -5.47798 -5.50252
44 -7649.41915265 -7649.44320162 0.024049   3.14389e-06  1.64345  -5.50252 -5.54415
45 -7649.42135057 -7649.44320162 0.021851   2.85655e-06  1.65321  -5.54415 -5.5395
46 -7649.42111528 -7649.44320162 0.0220863  2.88731e-06  1.66275  -5.5395  -5.57061
47 -7649.42264228 -7649.44320162 0.0205593  2.68769e-06  1.67209  -5.57061 -5.61498
48 -7649.42463915 -7649.44320162 0.0185625  2.42665e-06  1.68124  -5.61498 -5.61085
49 -7649.42446184 -7649.44320162 0.0187398  2.44983e-06  1.69019  -5.61085 -5.66605
50 -7649.42669835 -7649.44320162 0.0165033  2.15745e-06  1.69897  -5.66605 -5.70162
51 -7649.42799623 -7649.44320162 0.0152054  1.98778e-06  1.70757  -5.70162 -5.76522
52 -7649.43006754 -7649.44320162 0.0131341  1.717e-06    1.716    -5.76522 -5.72542
53 -7649.42880703 -7649.44320162 0.0143946  1.88178e-06  1.72427  -5.72542 -5.73738
54 -7649.42919808 -7649.44320162 0.0140035  1.83066e-06  1.73239  -5.73738 -5.81782
55 -7649.43156587 -7649.44320162 0.0116358  1.52113e-06  1.74036  -5.81782 -5.82963
56 -7649.43187805 -7649.44320162 0.0113236  1.48032e-06  1.74818  -5.82963 -5.89883
57 -7649.43354589 -7649.44320162 0.00965573 1.26228e-06  1.75587  -5.89883 -5.87483
58 -7649.43299709 -7649.44320162 0.0102045  1.33402e-06  1.76342  -5.87483 -5.98003
59 -7649.43519248 -7649.44320162 0.00800914 1.04702e-06  1.77085  -5.98003 -6.07219
60 -7649.43672377 -7649.44320162 0.00647785 8.46839e-07  1.77815  -6.07219 -6.09609
61 -7649.43707073 -7649.44320162 0.00613089 8.01482e-07  1.78533  -6.09609 -6.23131
62 -7649.43871097 -7649.44320162 0.00449065 5.87056e-07  1.79239  -6.23131 -6.36811
63 -7649.43992441 -7649.44320162 0.00327721 4.28425e-07  1.79934  -6.36811 -6.37803
64 -7649.43999843 -7649.44320162 0.00320319 4.18748e-07  1.80618  -6.37803 -6.36639
65 -7649.43991137 -7649.44320162 0.00329025 4.30129e-07  1.81291  -6.36639 -6.4534
66 -7649.44050876 -7649.44320162 0.00269286 3.52033e-07  1.81954  -6.4534  -6.37306
67 -7649.43996150 -7649.44320162 0.00324012 4.23576e-07  1.82607  -6.37306 -6.70569
68 -7649.44169528 -7649.44320162 0.00150634 1.96922e-07  1.83251  -6.70569 -6.6192
69 -7649.44136334 -7649.44320162 0.00183828 2.40316e-07  1.83885  -6.6192  -6.7951
70 -7649.44197556 -7649.44320162 0.00122606 1.60281e-07  1.84509  -6.7951  -6.93514
