1 0.292607 -0.533715
2 0.190962 -0.719053
3 0.113916 -0.943415
4 0.116408 -0.934017
5 0.086198 -1.0645
6 0.091888 -1.03674
7 0.095616 -1.01947
8 0.092747 -1.0327
9 0.075605 -1.12145
10 0.084895 -1.07112
11 0.058097 -1.23585
12 0.067764 -1.169
13 0.087367 -1.05865
14 0.045930 -1.3379
15 0.031563 -1.50082
16 0.033761 -1.47158
17 0.065376 -1.18458
18 0.034692 -1.45977
19 0.104597 -0.980481
20 0.023951 -1.62068
21 0.021748 -1.66258
22 0.014518 -1.83809
23 0.018271 -1.73824
24 0.014735 -1.83165
25 0.022176 -1.65412
26 0.018810 -1.72561
27 0.020912 -1.6796
28 0.022407 -1.64962
29 0.032437 -1.48896
30 0.047893 -1.31973
31 0.037986 -1.42038
32 0.037946 -1.42083
33 0.035835 -1.44569
34 0.034359 -1.46396
35 0.030796 -1.51151
36 0.022826 -1.64157
37 0.012385 -1.9071
38 0.012116 -1.91664
39 0.013462 -1.87089
40 0.010728 -1.96948
41 0.009095 -2.0412
42 0.006860 -2.16368
43 0.021514 -1.66728
44 0.014143 -1.84946
45 0.007233 -2.14068
46 0.004629 -2.33451
47 0.006435 -2.19145
48 0.006026 -2.21997
49 0.008474 -2.07191
50 0.005071 -2.29491
51 0.011435 -1.94176
52 0.009911 -2.00388
53 0.011133 -1.95339
54 0.013129 -1.88177
55 0.009670 -2.01457
56 0.008883 -2.05144
57 0.013133 -1.88164
58 0.008331 -2.0793
59 0.006925 -2.15958
60 0.012560 -1.90101
61 0.009319 -2.03063
62 0.010742 -1.96891
63 0.005977 -2.22352
64 0.005134 -2.28954
65 0.004648 -2.33273
66 0.005167 -2.28676
67 0.008926 -2.04934
68 0.007589 -2.11982
69 0.003214 -2.49295
70 0.004254 -2.3712
71 0.004196 -2.37716
72 0.002856 -2.54424
73 0.001901 -2.72102
74 0.002290 -2.64016
75 0.002573 -2.58956
76 0.005588 -2.25274
77 0.002308 -2.63676
78 0.001399 -2.85418
79 0.002148 -2.66797
80 0.003630 -2.44009
81 0.002520 -2.5986
82 0.001087 -2.96377
83 0.000939 -3.02733
84 0.001313 -2.88174
85 0.000993 -3.00305
86 0.000885 -3.05306
87 0.001226 -2.91151
88 0.002491 -2.60363
89 0.000699 -3.15552
90 0.001428 -2.84527
91 0.000889 -3.0511
92 0.002942 -2.53136
93 0.002935 -2.53239
94 0.000651 -3.18642
95 0.000528 -3.27737
96 0.000773 -3.11182
97 0.000924 -3.03433
98 0.001418 -2.84832
99 0.000453 -3.3439
100 0.002956 -2.5293
101 0.002960 -2.52871
102 0.000780 -3.10791
103 0.002953 -2.52974
104 0.002948 -2.53047
105 0.000374 -3.42713
106 0.002948 -2.53047
107 0.002925 -2.53387
108 0.000916 -3.0381
109 0.000579 -3.23732
110 0.000873 -3.05899
111 0.001021 -2.99097
112 0.000590 -3.22915
113 0.002932 -2.53284
114 0.002933 -2.53269
115 0.002926 -2.53373
116 0.000339 -3.4698
117 0.002931 -2.53298
118 0.000685 -3.16431
119 0.002924 -2.53402
120 0.002899 -2.53775
121 0.000316 -3.50031
122 0.000598 -3.2233
123 0.000256 -3.59176
