1 0.292607 -1.22892
2 0.190962 -1.65568
3 0.113916 -2.17229
4 0.116408 -2.15065
5 0.086198 -2.45111
6 0.091888 -2.38718
7 0.095616 -2.34742
8 0.092747 -2.37788
9 0.075605 -2.58223
10 0.084895 -2.46634
11 0.058097 -2.84564
12 0.067764 -2.69172
13 0.087367 -2.43764
14 0.045930 -3.08064
15 0.031563 -3.45577
16 0.033761 -3.38845
17 0.065376 -2.7276
18 0.034692 -3.36125
19 0.104597 -2.25764
20 0.023951 -3.73175
21 0.021748 -3.82823
22 0.014518 -4.23237
23 0.018271 -4.00244
24 0.014735 -4.21753
25 0.022176 -3.80874
26 0.018810 -3.97337
27 0.020912 -3.86743
28 0.022407 -3.79838
29 0.032437 -3.42846
30 0.047893 -3.03879
31 0.037986 -3.27054
32 0.037946 -3.27159
33 0.035835 -3.32883
34 0.034359 -3.37089
35 0.030796 -3.48037
36 0.022826 -3.77986
37 0.012385 -4.39127
38 0.012116 -4.41323
39 0.013462 -4.30788
40 0.014143 -4.25854
41 0.007233 -4.9291
42 0.004629 -5.37541
43 0.006435 -5.046
44 0.006026 -5.11167
45 0.008474 -4.77075
46 0.005071 -5.28422
47 0.011435 -4.47108
48 0.009911 -4.61411
49 0.011133 -4.49784
50 0.013129 -4.33293
51 0.009670 -4.63873
52 0.008883 -4.72362
53 0.013133 -4.33263
54 0.008331 -4.78777
55 0.006925 -4.97262
56 0.012560 -4.37724
57 0.009319 -4.6757
58 0.010742 -4.53359
59 0.005977 -5.11984
60 0.005134 -5.27187
61 0.004648 -5.37132
62 0.005167 -5.26546
63 0.008926 -4.71879
64 0.007589 -4.88106
65 0.003214 -5.74024
66 0.004254 -5.4599
67 0.004196 -5.47362
68 0.002856 -5.85833
69 0.001901 -6.26538
70 0.002290 -6.0792
71 0.002573 -5.96268
72 0.005588 -5.18713
73 0.002308 -6.07137
74 0.001399 -6.572
75 0.002148 -6.14322
76 0.003630 -5.61852
77 0.002520 -5.9835
78 0.001087 -6.82433
79 0.000939 -6.9707
80 0.001313 -6.63544
81 0.000993 -6.91478
82 0.000885 -7.02992
