1 -7761.31546747 -7762.99176460 0.000215934 -8.44054 -3.66567
2 -7761.96460267 -7762.99176460 0.000132315 -8.93032 -3.87839
3 -7762.22215974 -7762.99176460 9.91377e-05 -9.219 -4.00376
4 -7762.32245577 -7762.99176460 8.62179e-05 -9.35863 -4.0644
5 -7762.42788323 -7762.99176460 7.26371e-05 -9.53003 -4.13884
6 -7762.51710208 -7762.99176460 6.11443e-05 -9.70227 -4.21364
7 -7762.56620943 -7762.99176460 5.48184e-05 -9.81148 -4.26107
8 -7762.61972121 -7762.99176460 4.79253e-05 -9.94587 -4.31943
9 -7762.67166173 -7762.99176460 4.12345e-05 -10.0962 -4.38473
10 -7762.72004689 -7762.99176460 3.50017e-05 -10.2601 -4.45591
11 -7762.74879959 -7762.99176460 3.12979e-05 -10.372 -4.50448
12 -7762.79289743 -7762.99176460 2.56173e-05 -10.5722 -4.59146
13 -7762.81785444 -7762.99176460 2.24025e-05 -10.7063 -4.6497
14 -7762.85542580 -7762.99176460 1.75627e-05 -10.9497 -4.7554
15 -7762.87965629 -7762.99176460 1.44414e-05 -11.1454 -4.84039
16 -7762.89959560 -7762.99176460 1.18729e-05 -11.3413 -4.92544
17 -7762.90181014 -7762.99176460 1.15876e-05 -11.3656 -4.936
18 -7762.91993890 -7762.99176460 9.25232e-06 -11.5906 -5.03374
19 -7762.92474635 -7762.99176460 8.63304e-06 -11.6599 -5.06383
20 -7762.93120533 -7762.99176460 7.80102e-06 -11.7613 -5.10784
21 -7762.93789932 -7762.99176460 6.93873e-06 -11.8784 -5.15871
22 -7762.94533809 -7762.99176460 5.98049e-06 -12.027 -5.22326
23 -7762.94801018 -7762.99176460 5.63628e-06 -12.0863 -5.249
24 -7762.95455316 -7762.99176460 4.79344e-06 -12.2483 -5.31935
25 -7762.95537064 -7762.99176460 4.68814e-06 -12.2705 -5.32899
26 -7762.95806942 -7762.99176460 4.34049e-06 -12.3475 -5.36246
27 -7762.95928767 -7762.99176460 4.18356e-06 -12.3843 -5.37845
28 -7762.96649133 -7762.99176460 3.25561e-06 -12.6351 -5.48736
29 -7762.97010569 -7762.99176460 2.79002e-06 -12.7895 -5.55439
30 -7762.97309193 -7762.99176460 2.40534e-06 -12.9378 -5.61882
31 -7762.97641198 -7762.99176460 1.97767e-06 -13.1336 -5.70384
32 -7762.97827646 -7762.99176460 1.73749e-06 -13.2631 -5.76007
33 -7762.97961841 -7762.99176460 1.56463e-06 -13.3679 -5.80558
34 -7762.98025780 -7762.99176460 1.48226e-06 -13.4219 -5.82907
35 -7762.98167776 -7762.99176460 1.29935e-06 -13.5536 -5.88627
36 -7762.98235042 -7762.99176460 1.2127e-06 -13.6227 -5.91624
37 -7762.98310607 -7762.99176460 1.11536e-06 -13.7063 -5.95258
38 -7762.98440761 -7762.99176460 9.477e-07 -13.8692 -6.02332
39 -7762.98609362 -7762.99176460 7.30515e-07 -14.1295 -6.13636
40 -7762.98732058 -7762.99176460 5.72462e-07 -14.3733 -6.24225
41 -7762.98889644 -7762.99176460 3.69466e-07 -14.8112 -6.43242
42 -7762.99036344 -7762.99176460 1.80492e-07 -15.5276 -6.74353
43 -7762.99117321 -7762.99176460 7.61807e-08 -16.3902 -7.11815
