1 -7761.31546747 -7763.00407816 0.00021752 -8.43322 -3.6625
2 -7761.96460267 -7763.00407816 0.000133901 -8.91841 -3.87322
3 -7762.22215974 -7763.00407816 0.000100724 -9.20313 -3.99687
4 -7762.32245577 -7763.00407816 8.78039e-05 -9.3404 -4.05649
5 -7762.42788323 -7763.00407816 7.42232e-05 -9.50843 -4.12946
6 -7762.51710208 -7763.00407816 6.27304e-05 -9.67666 -4.20252
7 -7762.56620943 -7763.00407816 5.64045e-05 -9.78296 -4.24869
8 -7762.61972121 -7763.00407816 4.95114e-05 -9.91331 -4.3053
9 -7762.67166173 -7763.00407816 4.28206e-05 -10.0585 -4.36835
10 -7762.72004689 -7763.00407816 3.65878e-05 -10.2158 -4.43666
11 -7762.74879959 -7763.00407816 3.2884e-05 -10.3225 -4.48302
12 -7762.79289743 -7763.00407816 2.72035e-05 -10.5122 -4.56538
13 -7762.81785444 -7763.00407816 2.39886e-05 -10.6379 -4.61999
14 -7762.85542580 -7763.00407816 1.91488e-05 -10.8633 -4.71786
15 -7762.87965629 -7763.00407816 1.60275e-05 -11.0412 -4.79513
16 -7762.89959560 -7763.00407816 1.3459e-05 -11.2159 -4.87099
17 -7762.90181014 -7763.00407816 1.31738e-05 -11.2373 -4.88029
18 -7762.91993890 -7763.00407816 1.08385e-05 -11.4324 -4.96503
19 -7762.92474635 -7763.00407816 1.02192e-05 -11.4912 -4.99058
20 -7762.93120533 -7763.00407816 9.38719e-06 -11.5762 -5.02746
21 -7762.93789932 -7763.00407816 8.5249e-06 -11.6725 -5.06931
22 -7762.94533809 -7763.00407816 7.56667e-06 -11.7918 -5.1211
23 -7762.94801018 -7763.00407816 7.22246e-06 -11.8383 -5.14131
24 -7762.95455316 -7763.00407816 6.37962e-06 -11.9624 -5.19521
25 -7762.95537064 -7763.00407816 6.27431e-06 -11.979 -5.20243
26 -7762.95806942 -7763.00407816 5.92667e-06 -12.036 -5.22719
27 -7762.95928767 -7763.00407816 5.76974e-06 -12.0629 -5.23884
28 -7762.96649133 -7763.00407816 4.84179e-06 -12.2382 -5.31499
29 -7762.97010569 -7763.00407816 4.3762e-06 -12.3393 -5.3589
30 -7762.97309193 -7763.00407816 3.99153e-06 -12.4313 -5.39886
31 -7762.97641198 -7763.00407816 3.56385e-06 -12.5447 -5.44808
32 -7762.97827646 -7763.00407816 3.32367e-06 -12.6144 -5.47838
33 -7762.97961841 -7763.00407816 3.15081e-06 -12.6679 -5.50158
34 -7762.98025780 -7763.00407816 3.06845e-06 -12.6943 -5.51308
35 -7762.98167776 -7763.00407816 2.88553e-06 -12.7558 -5.53977
36 -7762.98235042 -7763.00407816 2.79888e-06 -12.7863 -5.55302
37 -7762.98310607 -7763.00407816 2.70154e-06 -12.8217 -5.56839
38 -7762.98440761 -7763.00407816 2.53388e-06 -12.8858 -5.59621
39 -7762.98609362 -7763.00407816 2.3167e-06 -12.9754 -5.63513
40 -7762.98732058 -7763.00407816 2.15865e-06 -13.046 -5.66582
41 -7762.98889644 -7763.00407816 1.95565e-06 -13.1448 -5.70871
42 -7762.99036344 -7763.00407816 1.76668e-06 -13.2464 -5.75284
43 -7762.99117321 -7763.00407816 1.66237e-06 -13.3073 -5.77927
44 -7762.99176460 -7763.00407816 1.58618e-06 -13.3542 -5.79965
45 -7762.99224477 -7763.00407816 1.52433e-06 -13.394 -5.81692
46 -7762.99315778 -7763.00407816 1.40672e-06 -13.4742 -5.85179
47 -7762.99378656 -7763.00407816 1.32572e-06 -13.5336 -5.87755
48 -7762.99389687 -7763.00407816 1.31151e-06 -13.5443 -5.88223
49 -7762.99509407 -7763.00407816 1.1573e-06 -13.6694 -5.93656
50 -7762.99586689 -7763.00407816 1.05774e-06 -13.7594 -5.97562
51 -7762.99621157 -7763.00407816 1.01334e-06 -13.8023 -5.99424
52 -7762.99658441 -7763.00407816 9.65316e-07 -13.8508 -6.01533
53 -7762.99727028 -7763.00407816 8.76965e-07 -13.9468 -6.05702
54 -7762.99726171 -7763.00407816 8.78069e-07 -13.9455 -6.05647
55 -7762.99854475 -7763.00407816 7.12792e-07 -14.1541 -6.14704
56 -7762.99925395 -7763.00407816 6.21436e-07 -14.2912 -6.2066
57 -7762.99937563 -7763.00407816 6.05762e-07 -14.3168 -6.2177
58 -7763.00015818 -7763.00407816 5.04957e-07 -14.4988 -6.29675
59 -7763.00094937 -7763.00407816 4.03039e-07 -14.7242 -6.39465
60 -7763.00147300 -7763.00407816 3.35587e-07 -14.9074 -6.4742
61 -7763.00178644 -7763.00407816 2.9521e-07 -15.0356 -6.52987
62 -7763.00232252 -7763.00407816 2.26155e-07 -15.302 -6.64559
63 -7763.00267850 -7763.00407816 1.80299e-07 -15.5287 -6.74401
64 -7763.00273819 -7763.00407816 1.7261e-07 -15.5722 -6.76293
65 -7763.00307352 -7763.00407816 1.29414e-07 -15.8603 -6.88802
66 -7763.00336750 -7763.00407816 9.15445e-08 -16.2064 -7.03837
67 -7763.00348325 -7763.00407816 7.6634e-08 -16.3842 -7.11558
68 -7763.00356720 -7763.00407816 6.58199e-08 -16.5363 -7.18164
69 -7763.00362236 -7763.00407816 5.87144e-08 -16.6506 -7.23126
70 -7763.00367660 -7763.00407816 5.17274e-08 -16.7773 -7.28628
71 -7763.00368021 -7763.00407816 5.12624e-08 -16.7863 -7.2902
72 -7763.00369442 -7763.00407816 4.94319e-08 -16.8227 -7.30599
73 -7763.00369968 -7763.00407816 4.87543e-08 -16.8365 -7.31199
74 -7763.00381860 -7763.00407816 3.34355e-08 -17.2136 -7.47579
75 -7763.00386012 -7763.00407816 2.80871e-08 -17.388 -7.55149
76 -7763.00390271 -7763.00407816 2.26008e-08 -17.6053 -7.64588
77 -7763.00393622 -7763.00407816 1.82842e-08 -17.8172 -7.73793
78 -7763.00394186 -7763.00407816 1.75576e-08 -17.8578 -7.75553
79 -7763.00399872 -7763.00407816 1.02332e-08 -18.3976 -7.98999
80 -7763.00402010 -7763.00407816 7.47906e-09 -18.7112 -8.12615
81 -7763.00403860 -7763.00407816 5.09597e-09 -19.0948 -8.29277
82 -7763.00405880 -7763.00407816 2.49388e-09 -19.8094 -8.60312
83 -7763.00407345 -7763.00407816 6.06724e-10 -21.2229 -9.21701
