1 0.000878 -3.0565
2 0.000432 -3.36451
3 0.000260 -3.58502
4 0.000383 -3.4168
5 0.000169 -3.77211
6 0.000134 -3.87289
7 0.000313 -3.50445
8 0.000175 -3.75696
9 0.000169 -3.77211
10 0.000174 -3.75945
11 0.000235 -3.62893
12 0.000118 -3.92811
13 0.000155 -3.80966
14 0.000105 -3.97881
15 0.000128 -3.89279
16 0.000087 -4.06048
17 0.000130 -3.88605
18 0.000074 -4.13076
19 0.000111 -3.95467
20 0.000063 -4.20065
21 0.000075 -4.12493
22 0.000050 -4.30103
23 0.000077 -4.1135
24 0.000042 -4.37675
25 0.000089 -4.05061
26 0.000066 -4.18045
27 0.000072 -4.14266
28 0.000059 -4.22914
29 0.000059 -4.22914
30 0.000061 -4.21467
31 0.000051 -4.29243
32 0.000048 -4.31875
33 0.000048 -4.31875
34 0.000049 -4.3098
35 0.000046 -4.33724
36 0.000039 -4.40893
37 0.000044 -4.35654
38 0.000051 -4.29243
39 0.000036 -4.44369
40 0.000029 -4.5376
41 0.000018 -4.74472
42 0.000014 -4.85387
